Bentham+Kilukarp+B487 datafile
2024-11-15 17:54:44
Slits: 1.000
Avg: 25
Comment: zs' filter slot 5_0 (SDSS zs')

00:00:07	0.000000	0.103879	23.9	-1.5	4.3
00:03:19	-0.000001	0.102001	23.9	-1.5	4.3
00:06:30	0.000000	0.101841	23.9	-1.5	4.3
00:09:41	0.000000	0.101936	23.9	-1.5	4.3
00:12:52	0.000000	0.101024	23.9	-1.5	4.3
00:16:03	-0.000001	0.100505	23.9	-1.5	4.3
00:19:14	-0.000001	0.102228	23.9	-1.5	4.3
00:20:43	-0.000001	0.101650	23.9	-1.5	4.3

nm	b487	kilu
750.00	0.0000034	-0.000930	0.103813	-0.000000
751.00	0.0000023	-0.001540	0.103768	-0.000000
752.00	0.0000020	-0.001697	0.103722	-0.000000
753.00	0.0000017	-0.001383	0.103677	-0.000000
754.00	0.0000014	-0.001582	0.103631	-0.000000
755.00	0.0000012	-0.001268	0.103586	-0.000000
756.00	0.0000010	-0.001563	0.103540	-0.000000
757.00	0.0000009	-0.001124	0.103495	-0.000000
758.00	0.0000010	-0.001996	0.103449	-0.000000
759.00	0.0000009	-0.000103	0.103404	-0.000000
760.00	0.0000007	-0.000719	0.103358	-0.000000
761.00	0.0000007	-0.002033	0.103313	-0.000000
762.00	0.0000006	-0.000861	0.103267	-0.000000
763.00	0.0000007	-0.001518	0.103222	-0.000000
764.00	0.0000007	-0.001443	0.103176	-0.000000
765.00	0.0000007	0.001225	0.103131	-0.000000
766.00	0.0000007	0.000937	0.103085	-0.000000
767.00	0.0000008	0.000035	0.103040	-0.000000
768.00	0.0000008	-0.000671	0.102994	-0.000001
769.00	0.0000008	-0.001388	0.102949	-0.000001
770.00	0.0000009	-0.001653	0.102903	-0.000001
771.00	0.0000009	-0.000838	0.102858	-0.000001
772.00	0.0000010	-0.001061	0.102812	-0.000001
773.00	0.0000010	0.000039	0.102767	-0.000001
774.00	0.0000011	-0.001226	0.102721	-0.000001
775.00	0.0000013	-0.000472	0.102676	-0.000001
776.00	0.0000013	-0.000557	0.102630	-0.000001
777.00	0.0000015	-0.000369	0.102585	-0.000001
778.00	0.0000015	-0.000967	0.102539	-0.000001
779.00	0.0000017	0.000068	0.102494	-0.000001
780.00	0.0000018	-0.000435	0.102448	-0.000001
781.00	0.0000020	-0.000705	0.102403	-0.000001
782.00	0.0000022	-0.001625	0.102357	-0.000001
783.00	0.0000024	-0.001425	0.102312	-0.000001
784.00	0.0000026	0.000236	0.102266	-0.000001
785.00	0.0000027	0.000025	0.102221	-0.000001
786.00	0.0000031	-0.001354	0.102175	-0.000001
787.00	0.0000033	-0.000378	0.102130	-0.000001
788.00	0.0000038	0.000150	0.102084	-0.000001
789.00	0.0000043	-0.000775	0.101996	-0.000001
790.00	0.0000048	-0.000134	0.101992	-0.000001
791.00	0.0000053	-0.000505	0.101988	-0.000001
792.00	0.0000062	0.000363	0.101984	-0.000001
793.00	0.0000069	0.000301	0.101980	-0.000001
794.00	0.0000079	-0.000357	0.101977	-0.000001
795.00	0.0000091	0.001203	0.101973	-0.000001
796.00	0.0000106	-0.000498	0.101969	-0.000001
797.00	0.0000124	-0.000393	0.101965	-0.000001
798.00	0.0000145	-0.000764	0.101961	-0.000001
799.00	0.0000171	-0.000760	0.101957	-0.000001
800.00	0.0000205	-0.000744	0.101953	-0.000001
801.00	0.0000244	-0.000001	0.101949	-0.000001
802.00	0.0000294	0.000211	0.101945	-0.000001
803.00	0.0000357	-0.000578	0.101941	-0.000001
804.00	0.0000437	-0.000472	0.101937	-0.000001
805.00	0.0000538	-0.000200	0.101934	-0.000001
806.00	0.0000669	0.001151	0.101930	-0.000001
807.00	0.0000832	0.000529	0.101926	-0.000001
808.00	0.0001060	0.000539	0.101922	-0.000001
809.00	0.0001340	0.000036	0.101918	-0.000001
810.00	0.0001713	0.000773	0.101914	-0.000000
811.00	0.0002211	0.001039	0.101910	-0.000000
812.00	0.0002877	-0.000084	0.101906	-0.000000
813.00	0.0003766	0.000045	0.101902	-0.000000
814.00	0.0004960	0.001051	0.101898	-0.000000
815.00	0.0006617	0.000316	0.101894	-0.000000
816.00	0.0008872	0.001327	0.101891	-0.000000
817.00	0.0011987	0.000109	0.101887	-0.000000
818.00	0.0016375	-0.000579	0.101883	-0.000000
819.00	0.0022542	0.000397	0.101879	-0.000000
820.00	0.0030911	0.000442	0.101875	-0.000000
821.00	0.0042496	0.000917	0.101871	-0.000000
822.00	0.0058857	0.000724	0.101867	-0.000000
823.00	0.0081073	0.000985	0.101863	-0.000000
824.00	0.0110521	-0.000734	0.101859	-0.000000
825.00	0.0148749	-0.000682	0.101855	-0.000000
826.00	0.0199744	0.000579	0.101852	-0.000000
827.00	0.0258083	0.000762	0.101848	-0.000000
828.00	0.0324615	-0.000045	0.101844	0.000000
829.00	0.0399648	0.000912	0.101846	0.000000
830.00	0.0477821	0.001393	0.101848	0.000000
831.00	0.0553810	0.000777	0.101851	0.000000
832.00	0.0628318	0.001782	0.101853	0.000000
833.00	0.0697904	0.002280	0.101855	0.000000
834.00	0.0758416	0.001872	0.101858	0.000000
835.00	0.0810799	0.001858	0.101860	0.000000
836.00	0.0857425	0.001731	0.101862	0.000000
837.00	0.0894387	0.001597	0.101865	0.000000
838.00	0.0924145	0.001285	0.101867	0.000000
839.00	0.0946950	0.000275	0.101869	0.000000
840.00	0.0963977	0.001006	0.101871	0.000000
841.00	0.0975751	-0.001124	0.101874	0.000000
842.00	0.0983249	0.000167	0.101876	0.000000
843.00	0.0989059	0.000308	0.101878	0.000000
844.00	0.0992855	0.001176	0.101881	0.000000
845.00	0.0996356	0.001221	0.101883	0.000000
846.00	0.0999362	0.000676	0.101885	0.000000
847.00	0.1003095	0.001610	0.101888	0.000000
848.00	0.1007061	-0.000127	0.101890	0.000000
849.00	0.1011554	0.001033	0.101892	0.000000
850.00	0.1016918	0.001388	0.101895	0.000000
851.00	0.1022532	0.001762	0.101897	0.000000
852.00	0.1029008	0.001282	0.101899	0.000000
853.00	0.1035629	0.001799	0.101902	0.000000
854.00	0.1042186	0.001910	0.101904	0.000000
855.00	0.1049573	0.000793	0.101906	0.000000
856.00	0.1056483	0.000629	0.101909	0.000000
857.00	0.1062896	0.001533	0.101911	0.000000
858.00	0.1069744	0.002234	0.101913	0.000000
859.00	0.1076586	0.002643	0.101915	0.000000
860.00	0.1082471	0.002271	0.101918	0.000000
861.00	0.1088196	0.001267	0.101920	0.000000
862.00	0.1094545	0.001772	0.101922	0.000000
863.00	0.1100222	0.001185	0.101925	0.000000
864.00	0.1106011	0.002012	0.101927	0.000000
865.00	0.1112088	-0.000387	0.101929	0.000000
866.00	0.1117894	0.001345	0.101932	0.000000
867.00	0.1124371	0.001258	0.101906	0.000000
868.00	0.1130975	0.001608	0.101883	0.000000
869.00	0.1137724	0.000712	0.101861	0.000000
870.00	0.1145049	0.000419	0.101839	0.000000
871.00	0.1152789	0.000387	0.101817	0.000000
872.00	0.1160721	0.000302	0.101795	0.000000
873.00	0.1168989	-0.000361	0.101773	0.000000
874.00	0.1178121	-0.000095	0.101751	0.000000
875.00	0.1186724	0.001239	0.101728	0.000000
876.00	0.1196080	0.000796	0.101706	0.000000
877.00	0.1205947	0.000872	0.101684	0.000000
878.00	0.1215335	0.000524	0.101662	0.000000
879.00	0.1224962	0.001768	0.101640	0.000000
880.00	0.1234973	0.000259	0.101618	0.000000
881.00	0.1244457	0.000007	0.101596	0.000000
882.00	0.1253204	-0.000561	0.101573	0.000000
883.00	0.1262736	0.000271	0.101551	0.000000
884.00	0.1271324	-0.000124	0.101529	0.000000
885.00	0.1279624	0.000137	0.101507	0.000000
886.00	0.1287508	0.001333	0.101485	0.000000
887.00	0.1294832	0.001135	0.101463	0.000000
888.00	0.1301725	0.001157	0.101441	0.000000
889.00	0.1308666	0.002157	0.101418	0.000000
890.00	0.1314775	0.000957	0.101396	0.000000
891.00	0.1321284	0.001515	0.101374	0.000000
892.00	0.1327617	0.002533	0.101352	0.000000
893.00	0.1333294	0.002466	0.101330	0.000000
894.00	0.1339611	0.002994	0.101308	0.000000
895.00	0.1346008	0.002528	0.101286	0.000000
896.00	0.1352021	0.002264	0.101263	0.000000
897.00	0.1359393	0.002399	0.101241	0.000000
898.00	0.1366318	0.002821	0.101219	0.000000
899.00	0.1372955	0.001824	0.101197	0.000000
900.00	0.1381527	0.001381	0.101175	0.000000
901.00	0.1390003	0.000664	0.101153	0.000000
902.00	0.1398510	0.001330	0.101131	0.000000
903.00	0.1408042	0.002240	0.101108	0.000000
904.00	0.1416454	0.000391	0.101086	0.000000
905.00	0.1426209	0.000294	0.101064	0.000000
906.00	0.1434334	0.000983	0.101007	-0.000000
907.00	0.1441626	0.000906	0.100994	-0.000000
908.00	0.1449974	0.001717	0.100981	-0.000000
909.00	0.1456947	0.000997	0.100969	-0.000000
910.00	0.1462481	0.002035	0.100956	-0.000000
911.00	0.1466751	0.001725	0.100944	-0.000000
912.00	0.1467935	0.000611	0.100931	-0.000000
913.00	0.1465696	0.001250	0.100919	-0.000000
914.00	0.1461346	0.000082	0.100906	-0.000000
915.00	0.1450552	0.000131	0.100893	-0.000000
916.00	0.1435439	-0.000101	0.100881	-0.000000
917.00	0.1413754	0.000215	0.100868	-0.000000
918.00	0.1384632	0.000693	0.100856	-0.000000
919.00	0.1347498	-0.000016	0.100843	-0.000000
920.00	0.1303695	0.000617	0.100830	-0.000000
921.00	0.1245851	-0.000050	0.100818	-0.000000
922.00	0.1183242	0.000511	0.100805	-0.000000
923.00	0.1110861	-0.001104	0.100793	-0.000000
924.00	0.1028709	-0.000418	0.100780	-0.000000
925.00	0.0945581	0.000864	0.100767	-0.000000
926.00	0.0846061	-0.000434	0.100755	-0.000000
927.00	0.0751083	0.000049	0.100742	-0.000000
928.00	0.0653226	0.001111	0.100730	-0.000000
929.00	0.0557932	-0.000975	0.100717	-0.000000
930.00	0.0472954	0.000075	0.100704	-0.000001
931.00	0.0385811	0.000302	0.100692	-0.000001
932.00	0.0315103	-0.000180	0.100679	-0.000001
933.00	0.0253894	0.001257	0.100667	-0.000001
934.00	0.0200520	-0.000399	0.100654	-0.000001
935.00	0.0161096	0.001622	0.100642	-0.000001
936.00	0.0124418	0.000067	0.100629	-0.000001
937.00	0.0098000	0.000229	0.100616	-0.000001
938.00	0.0076600	0.000945	0.100604	-0.000001
939.00	0.0060185	0.001279	0.100591	-0.000001
940.00	0.0047317	0.001184	0.100579	-0.000001
941.00	0.0036852	0.003015	0.100566	-0.000001
942.00	0.0029267	0.001144	0.100553	-0.000001
943.00	0.0022956	0.000316	0.100541	-0.000001
944.00	0.0018413	0.000400	0.100528	-0.000001
945.00	0.0014772	-0.000111	0.100563	-0.000001
946.00	0.0011809	0.001182	0.100605	-0.000001
947.00	0.0009680	0.000407	0.100646	-0.000001
948.00	0.0007733	0.001033	0.100688	-0.000001
949.00	0.0006358	0.000842	0.100730	-0.000001
950.00	0.0005181	0.000771	0.100772	-0.000001
951.00	0.0004305	0.000437	0.100814	-0.000001
952.00	0.0003571	0.000866	0.100855	-0.000001
953.00	0.0002967	-0.000112	0.100897	-0.000001
954.00	0.0002506	0.000246	0.100939	-0.000001
955.00	0.0002084	0.000556	0.100981	-0.000001
956.00	0.0001767	-0.001608	0.101023	-0.000001
957.00	0.0001492	-0.000118	0.101065	-0.000001
958.00	0.0001281	-0.000190	0.101106	-0.000001
959.00	0.0001093	-0.000083	0.101148	-0.000001
960.00	0.0000938	0.000072	0.101190	-0.000001
961.00	0.0000811	0.001777	0.101232	-0.000001
962.00	0.0000700	0.001890	0.101274	-0.000001
963.00	0.0000614	0.000746	0.101316	-0.000001
964.00	0.0000530	0.000376	0.101357	-0.000001
965.00	0.0000467	0.001192	0.101399	-0.000001
966.00	0.0000408	0.000662	0.101441	-0.000001
967.00	0.0000361	0.000423	0.101483	-0.000001
968.00	0.0000320	0.000828	0.101525	-0.000001
969.00	0.0000283	0.000578	0.101567	-0.000001
970.00	0.0000252	0.001090	0.101608	-0.000001
971.00	0.0000225	0.001567	0.101650	-0.000001
972.00	0.0000202	0.001120	0.101692	-0.000001
973.00	0.0000181	0.003015	0.101734	-0.000001
974.00	0.0000164	0.001925	0.101776	-0.000001
975.00	0.0000146	0.001781	0.101817	-0.000001
976.00	0.0000134	0.001513	0.101859	-0.000001
977.00	0.0000120	0.000154	0.101901	-0.000001
978.00	0.0000110	0.000410	0.101943	-0.000001
979.00	0.0000100	-0.000484	0.101985	-0.000001
980.00	0.0000091	-0.000532	0.102027	-0.000001
981.00	0.0000085	-0.001474	0.102068	-0.000001
982.00	0.0000078	-0.000437	0.102110	-0.000001
983.00	0.0000072	0.000422	0.102152	-0.000001
984.00	0.0000065	-0.001014	0.102187	-0.000001
985.00	0.0000061	-0.000060	0.102156	-0.000001
986.00	0.0000056	-0.000918	0.102126	-0.000001
987.00	0.0000051	0.000382	0.102096	-0.000001
988.00	0.0000048	-0.000226	0.102066	-0.000001
989.00	0.0000046	0.001211	0.102036	-0.000001
990.00	0.0000044	0.000645	0.102006	-0.000001
991.00	0.0000041	0.001140	0.101976	-0.000001
992.00	0.0000038	0.000598	0.101946	-0.000001
993.00	0.0000036	0.001892	0.101915	-0.000001
994.00	0.0000034	0.001582	0.101885	-0.000001
995.00	0.0000032	0.002590	0.101855	-0.000001
996.00	0.0000031	0.001506	0.101825	-0.000001
997.00	0.0000029	0.001768	0.101795	-0.000001
998.00	0.0000027	0.000267	0.101765	-0.000001
999.00	0.0000026	-0.000240	0.101735	-0.000001
1000.00	0.0000026	-0.001002	0.101704	-0.000001
