Bentham+Kilukarp+B487 datafile
2024-11-14 17:36:00
Slits: 1.000
Avg: 1
Comment: Testskaneerimine slot 0_0 (tyhi)

00:00:03	-0.000000	0.101179	23.6	-1.6	4.5
00:02:06	-0.000000	0.098944	23.6	-1.6	4.5

nm	b487	kilu
300.00	0.0012172	-0.001753	0.100994	-0.000000
305.00	0.0013655	-0.001147	0.100985	-0.000000
310.00	0.0015124	0.003928	0.100976	-0.000000
315.00	0.0006377	-0.005052	0.100866	-0.000000
320.00	0.0008331	-0.002062	0.100857	-0.000000
325.00	0.0010729	0.000182	0.100848	-0.000000
330.00	0.0013698	0.003172	0.100838	-0.000000
335.00	0.0017375	-0.000991	0.100829	-0.000000
340.00	0.0021869	0.000061	0.100819	-0.000000
345.00	0.0027306	-0.006337	0.100810	-0.000000
350.00	0.0033822	-0.002453	0.100801	-0.000000
355.00	0.0041517	0.002921	0.100791	-0.000000
360.00	0.0050579	-0.001689	0.100782	-0.000000
365.00	0.0061228	0.003387	0.100772	-0.000000
370.00	0.0074001	0.002949	0.100763	-0.000000
375.00	0.0089106	0.195786	0.100747	-0.000000
380.00	0.0107445	-0.001943	0.100738	-0.000000
385.00	0.0128101	0.001493	0.100729	-0.000000
390.00	0.0151448	-0.001329	0.100719	-0.000000
395.00	0.0178183	-0.002362	0.100710	-0.000000
400.00	0.0171206	0.000056	0.100676	-0.000000
405.00	0.0202875	-0.005299	0.100666	-0.000000
410.00	0.0241097	-0.001117	0.100657	-0.000000
415.00	0.0281711	-0.002300	0.100647	-0.000000
420.00	0.0323396	-0.000651	0.100638	-0.000000
425.00	0.0368495	-0.002132	0.100629	-0.000000
430.00	0.0423735	0.000411	0.100619	-0.000000
435.00	0.0446160	-0.000176	0.100610	-0.000000
440.00	0.0460437	-0.000465	0.100601	-0.000000
445.00	0.0473169	-0.002244	0.100591	-0.000000
450.00	0.0493601	-0.000148	0.100582	-0.000000
455.00	0.0532770	-0.000735	0.100572	-0.000000
460.00	0.0597104	-0.000874	0.100563	-0.000000
465.00	0.0677261	-0.001610	0.100554	-0.000000
470.00	0.0760706	-0.001601	0.100544	-0.000000
475.00	0.0840289	-0.002187	0.100535	-0.000000
480.00	0.0913693	0.198845	0.100519	-0.000000
485.00	0.0979877	0.000222	0.100510	-0.000000
490.00	0.1040856	-0.002600	0.100501	-0.000000
495.00	0.1099603	-0.001100	0.100491	-0.000000
500.00	0.1155129	-0.001091	0.100482	-0.000000
505.00	0.1207184	0.004283	0.100472	-0.000000
510.00	0.1258743	-0.001072	0.100463	-0.000000
515.00	0.1308319	0.001172	0.100454	-0.000000
520.00	0.1356408	-0.000010	0.100444	-0.000000
525.00	0.1402514	0.002234	0.100435	-0.000000
530.00	0.1447132	-0.000886	0.100425	-0.000000
535.00	0.1489768	0.005531	0.100416	-0.000000
540.00	0.1530916	0.000325	0.100407	-0.000000
545.00	0.1570081	0.001229	0.100397	-0.000000
550.00	0.1607263	0.003622	0.100388	-0.000000
555.00	0.1640975	0.000800	0.100379	-0.000000
560.00	0.1673199	-0.003661	0.100369	-0.000000
565.00	0.1703688	-0.005588	0.100360	-0.000000
570.00	0.1730707	-0.004834	0.100350	-0.000000
575.00	0.1755000	0.000987	0.100341	-0.000000
580.00	0.1777309	-0.000941	0.100332	-0.000000
585.00	0.1796644	0.000857	0.100322	-0.000000
590.00	0.1811517	0.000717	0.100313	-0.000000
595.00	0.1826142	-0.002701	0.100304	-0.000000
600.00	0.1837296	0.001183	0.100294	-0.000000
605.00	0.1846716	-0.001788	0.100285	-0.000000
610.00	0.1853161	-0.001034	0.100275	-0.000000
615.00	0.1857127	-0.002365	0.100266	-0.000000
620.00	0.1859358	-0.001760	0.100257	-0.000000
625.00	0.1858366	0.000634	0.100247	-0.000000
630.00	0.1856135	-0.002188	0.100238	-0.000000
635.00	0.1850186	-0.001285	0.100229	-0.000000
640.00	0.1843245	-0.005001	0.100219	-0.000000
645.00	0.1834322	0.002310	0.100210	-0.000000
650.00	0.1822175	0.003661	0.100200	-0.000000
655.00	0.1808294	0.002031	0.100191	-0.000000
660.00	0.1791190	0.004275	0.100182	-0.000000
665.00	0.1772104	-0.004954	0.100172	-0.000000
670.00	0.1746076	-0.001666	0.100163	-0.000000
675.00	0.1746076	0.000876	0.100154	-0.000000
680.00	0.1855639	0.000439	0.100144	-0.000000
685.00	0.1922815	0.004769	0.100135	-0.000000
690.00	0.1962228	0.000010	0.100125	-0.000000
695.00	0.1979580	-0.004749	0.100116	-0.000000
700.00	0.1944215	-0.000393	0.100082	-0.000000
705.00	0.1940910	-0.000085	0.100072	-0.000000
710.00	0.1920584	0.000520	0.100063	-0.000000
715.00	0.1888607	-0.004686	0.100053	-0.000000
720.00	0.1847707	-0.004975	0.100044	-0.000000
725.00	0.1803584	0.000697	0.100035	-0.000000
730.00	0.1756487	0.000408	0.100025	-0.000000
735.00	0.1706415	-0.001072	0.100016	-0.000000
740.00	0.1654856	0.000576	0.100007	-0.000000
745.00	0.1603297	-0.005971	0.099997	-0.000000
750.00	0.1550250	0.001638	0.099988	-0.000000
755.00	0.1497700	0.000306	0.099978	-0.000000
760.00	0.1439200	0.001210	0.099969	-0.000000
765.00	0.1393094	0.000474	0.099960	-0.000000
770.00	0.1344262	0.001974	0.099950	-0.000000
775.00	0.1295429	-0.001593	0.099941	-0.000000
780.00	0.1247340	0.001992	0.099932	-0.000000
785.00	0.1204457	0.000661	0.099922	-0.000000
790.00	0.1162813	-0.002906	0.099913	-0.000000
795.00	0.1124391	0.000232	0.099903	-0.000000
800.00	0.1089440	-0.000056	0.099894	-0.000000
805.00	0.1057216	-0.001388	0.099885	-0.000000
810.00	0.1030693	-0.002869	0.099875	-0.000000
815.00	0.1008383	0.001909	0.099866	-0.000000
820.00	0.0991032	0.000726	0.099857	-0.000000
825.00	0.0979133	0.001928	0.099847	-0.000000
830.00	0.0972936	-0.000596	0.099838	-0.000000
835.00	0.0972193	-0.000289	0.099828	-0.000000
840.00	0.0977646	0.001658	0.099819	-0.000000
845.00	0.0988553	-0.000568	0.099810	-0.000000
850.00	0.1005657	0.003614	0.099800	-0.000000
855.00	0.1027718	0.004070	0.099791	-0.000000
860.00	0.1055233	-0.003073	0.099782	-0.000000
865.00	0.1087209	0.000215	0.099772	-0.000000
870.00	0.1121913	0.001863	0.099763	-0.000000
875.00	0.1160582	0.000978	0.099753	-0.000000
880.00	0.1201978	0.002478	0.099744	-0.000000
885.00	0.1244861	-0.001238	0.099735	-0.000000
890.00	0.1288736	-0.000334	0.099725	-0.000000
895.00	0.1335338	0.005784	0.099716	-0.000000
900.00	0.1380700	-0.001657	0.099707	-0.000000
905.00	0.1426806	0.002376	0.099697	-0.000000
910.00	0.1471920	0.002981	0.099688	-0.000000
915.00	0.1515051	0.004481	0.099678	-0.000000
920.00	0.1558926	0.005235	0.099669	-0.000000
925.00	0.1600074	-0.000716	0.099660	-0.000000
930.00	0.1635521	0.004062	0.099650	-0.000000
935.00	0.1661549	0.002432	0.099641	-0.000000
940.00	0.1697987	-0.000390	0.099631	-0.000000
945.00	0.1723271	0.002451	0.099622	-0.000000
950.00	0.1756735	0.003354	0.099613	-0.000000
955.00	0.1788959	-0.000213	0.099603	-0.000000
960.00	0.1815483	-0.001395	0.099594	-0.000000
965.00	0.1836305	0.002041	0.099585	-0.000000
970.00	0.1851177	0.002200	0.099575	-0.000000
975.00	0.1860101	-0.000473	0.099566	-0.000000
980.00	0.1863819	0.002218	0.099556	-0.000000
985.00	0.1860845	0.000142	0.099547	-0.000000
990.00	0.1849194	-0.002233	0.099538	-0.000000
995.00	0.1831099	-0.000585	0.099528	-0.000000
1000.00	0.1805072	0.001809	0.099519	-0.000000
1005.00	0.1769377	0.002712	0.099510	-0.000000
1010.00	0.1722775	0.001232	0.099500	-0.000000
1015.00	0.1667498	-0.001143	0.099491	-0.000000
1020.00	0.1602801	0.004082	0.099481	-0.000000
1025.00	0.1525958	0.001409	0.099472	-0.000000
1030.00	0.1441431	-0.000370	0.099463	-0.000000
1035.00	0.1347484	-0.001106	0.099453	-0.000000
1040.00	0.1245357	-0.000947	0.099444	-0.000000
1045.00	0.1139760	0.003831	0.099435	-0.000000
1050.00	0.1033667	-0.002121	0.099425	-0.000000
1055.00	0.0927822	0.002061	0.099416	-0.000000
1060.00	0.0814541	0.001027	0.099406	-0.000000
1065.00	0.0719355	0.001782	0.099397	-0.000000
1070.00	0.0644990	-0.001487	0.099388	-0.000000
1075.00	0.0574879	0.195820	0.099372	-0.000000
1080.00	0.0509822	-0.001611	0.099363	-0.000000
1085.00	0.0449897	0.000038	0.099353	-0.000000
1090.00	0.0394583	-0.000847	0.099344	-0.000000
1095.00	0.0343703	-0.004116	0.099334	-0.000000
1100.00	0.0297757	-0.001126	0.099325	-0.000000
1105.00	0.0608092	0.001973	0.099206	-0.000000
1110.00	0.0550261	0.005111	0.099197	-0.000000
1115.00	0.0491707	0.004525	0.099188	-0.000000
1120.00	0.0435770	-0.002470	0.099178	-0.000000
1125.00	0.0384068	-0.002758	0.099169	-0.000000
1130.00	0.0337624	0.007086	0.099159	-0.000000
1135.00	0.0285698	-0.001100	0.099150	-0.000000
1140.00	0.0251014	0.000399	0.099141	-0.000000
1145.00	0.0210226	0.004283	0.099131	-0.000000
1150.00	0.0173847	0.000567	0.099122	-0.000000
1155.00	0.0140833	0.003854	0.099113	-0.000000
1160.00	0.0109912	0.001927	0.099103	-0.000000
1165.00	0.0082528	0.005959	0.099094	-0.000000
1170.00	0.0059822	0.209227	0.099078	-0.000000
1175.00	0.0035644	0.004047	0.099069	-0.000000
1180.00	0.0015418	-0.001159	0.099059	-0.000000
1185.00	0.0010335	0.000341	0.099050	-0.000000
1190.00	0.0007842	0.002734	0.099041	-0.000000
1195.00	0.0006092	0.001850	0.099031	-0.000000
1200.00	0.0004744	0.004094	0.099022	-0.000000
