Bentham+Kilukarp+B487 datafile
2024-11-14 16:42:27
Slits: 1.000
Avg: 1
Comment: Testskaneerimine slot 0_3 (Rc)

00:00:03	-0.000001	0.099242	23.5	-1.6	4.5
00:02:06	-0.000001	0.094920	23.5	-1.6	4.5

nm	b487	kilu
300.00	0.0000003	-0.002326	0.098885	-0.000001
305.00	0.0000003	0.001865	0.098867	-0.000001
310.00	0.0000008	0.003075	0.098849	-0.000001
315.00	0.0000003	-0.000439	0.098637	-0.000001
320.00	-0.0000002	0.003454	0.098619	-0.000001
325.00	-0.0000002	-0.000551	0.098601	-0.000001
330.00	0.0000000	-0.003365	0.098583	-0.000001
335.00	0.0000003	-0.004538	0.098565	-0.000001
340.00	0.0000008	-0.002285	0.098547	-0.000001
345.00	0.0000008	-0.000926	0.098529	-0.000001
350.00	0.0000008	-0.002994	0.098510	-0.000001
355.00	0.0000003	-0.005956	0.098492	-0.000001
360.00	0.0000003	-0.002511	0.098474	-0.000001
365.00	-0.0000002	-0.000108	0.098456	-0.000001
370.00	-0.0000002	-0.001878	0.098438	-0.000001
375.00	0.0000003	-0.003499	0.098420	-0.000001
380.00	0.0000005	-0.001842	0.098402	-0.000001
385.00	0.0000008	-0.005847	0.098384	-0.000001
390.00	0.0000008	-0.001061	0.098365	-0.000001
395.00	0.0000003	-0.002086	0.098347	-0.000001
400.00	0.0000003	-0.003509	0.098281	-0.000001
405.00	0.0000003	-0.005726	0.098263	-0.000001
410.00	0.0000008	0.000997	0.098245	-0.000001
415.00	0.0000008	-0.005243	0.098226	-0.000001
420.00	0.0000005	-0.003288	0.098208	-0.000001
425.00	0.0000003	-0.005207	0.098190	-0.000001
430.00	0.0000003	-0.005338	0.098172	-0.000001
435.00	-0.0000002	-0.001445	0.098154	-0.000001
440.00	-0.0000003	-0.000533	0.098136	-0.000001
445.00	0.0000002	-0.001260	0.098118	-0.000001
450.00	0.0000007	0.001887	0.098099	-0.000001
455.00	0.0000007	-0.001224	0.098081	-0.000001
460.00	0.0000007	-0.002398	0.098063	-0.000001
465.00	0.0000010	-0.005807	0.098045	-0.000001
470.00	0.0000002	0.003748	0.098027	-0.000001
475.00	0.0000002	0.000190	0.098009	-0.000001
480.00	0.0000002	-0.003666	0.097991	-0.000001
485.00	0.0000002	-0.000519	0.097973	-0.000001
490.00	0.0000005	-0.001693	0.097954	-0.000001
495.00	0.0000007	0.002647	0.097936	-0.000001
500.00	0.0000007	-0.003147	0.097918	-0.000001
505.00	0.0000005	-0.001639	0.097900	-0.000001
510.00	0.0000002	-0.002962	0.097882	-0.000001
515.00	-0.0000003	-0.001900	0.097864	-0.000001
520.00	-0.0000003	0.000204	0.097846	-0.000001
525.00	0.0000002	-0.002162	0.097828	-0.000001
530.00	0.0000002	0.000240	0.097809	-0.000001
535.00	0.0000007	0.000854	0.097791	-0.000001
540.00	0.0000017	-0.003002	0.097773	-0.000001
545.00	0.0000087	-0.000450	0.097755	-0.000001
550.00	0.0001513	0.000909	0.097737	-0.000001
555.00	0.0026787	0.002119	0.097719	-0.000001
560.00	0.0121953	0.198398	0.097689	-0.000001
565.00	0.0508608	0.001422	0.097670	-0.000001
570.00	0.0817049	-0.004222	0.097652	-0.000001
575.00	0.1070856	0.194441	0.097622	-0.000001
580.00	0.1271640	0.000297	0.097604	-0.000001
585.00	0.1489527	0.001358	0.097586	-0.000001
590.00	0.1621151	-0.003392	0.097568	-0.000001
595.00	0.1605783	-0.000543	0.097549	-0.000001
600.00	0.1592149	0.003201	0.097531	-0.000001
605.00	0.1707909	-0.000954	0.097513	-0.000001
610.00	0.1671471	0.000406	0.097495	-0.000001
615.00	0.1597107	0.001914	0.097477	-0.000001
620.00	0.1599338	0.000144	0.097459	-0.000001
625.00	0.1556702	-0.000732	0.097441	-0.000001
630.00	0.1503656	0.001670	0.097423	-0.000001
635.00	0.1510596	-0.000994	0.097404	-0.000001
640.00	0.1531914	-0.000082	0.097386	-0.000001
645.00	0.1489527	-0.001256	0.097368	-0.000001
650.00	0.1437224	-0.000940	0.097350	-0.000001
655.00	0.1304360	-0.000623	0.097332	-0.000001
660.00	0.1202976	-0.004629	0.097314	-0.000001
665.00	0.1120432	0.001946	0.097296	-0.000001
670.00	0.1038632	0.000325	0.097277	-0.000001
675.00	0.0952121	-0.002786	0.097259	-0.000001
680.00	0.0913700	-0.002470	0.097241	-0.000001
685.00	0.0883458	0.000529	0.097223	-0.000001
690.00	0.0890895	0.000100	0.097205	-0.000001
695.00	0.0895357	-0.001670	0.097187	-0.000001
700.00	0.0839501	-0.000114	0.097120	-0.000001
705.00	0.0783314	0.000500	0.097102	-0.000001
710.00	0.0731259	0.000220	0.097084	-0.000001
715.00	0.0695565	0.001729	0.097066	-0.000001
720.00	0.0666315	0.003386	0.097048	-0.000001
725.00	0.0629380	-0.002407	0.097030	-0.000001
730.00	0.0580616	0.193722	0.096999	-0.000001
735.00	0.0518574	0.003303	0.096981	-0.000001
740.00	0.0446515	-0.002043	0.096963	-0.000001
745.00	0.0377048	-0.001131	0.096945	-0.000001
750.00	0.0321733	-0.004540	0.096927	-0.000001
755.00	0.0281120	-0.000498	0.096909	-0.000001
760.00	0.0240655	-0.004653	0.096891	-0.000001
765.00	0.0191121	0.001475	0.096873	-0.000001
770.00	0.0138198	0.002387	0.096854	-0.000001
775.00	0.0097186	-0.001916	0.096836	-0.000001
780.00	0.0072020	-0.001749	0.096818	-0.000001
785.00	0.0057974	0.193338	0.096788	-0.000001
790.00	0.0050249	0.000833	0.096770	-0.000001
795.00	0.0045864	-0.003917	0.096752	-0.000001
800.00	0.0041417	-0.001515	0.096734	-0.000001
805.00	0.0033978	-0.004030	0.096715	-0.000001
810.00	0.0025712	0.000607	0.096697	-0.000001
815.00	0.0017291	0.001221	0.096679	-0.000001
820.00	0.0008028	-0.000698	0.096661	-0.000001
825.00	0.0002903	0.002599	0.096643	-0.000001
830.00	0.0001138	0.001425	0.096625	-0.000001
835.00	0.0000575	0.000549	0.096607	-0.000001
840.00	0.0000390	0.003249	0.096588	-0.000001
845.00	0.0000390	0.002075	0.096570	-0.000001
850.00	0.0000719	0.000901	0.096552	-0.000001
855.00	0.0000575	0.005241	0.096534	-0.000001
860.00	0.0000091	0.001236	0.096516	-0.000001
865.00	0.0000031	0.003191	0.096498	-0.000001
870.00	0.0000016	0.004550	0.096480	-0.000001
875.00	0.0000011	-0.000796	0.096462	-0.000001
880.00	0.0000006	-0.001672	0.096443	-0.000001
885.00	0.0000001	-0.000462	0.096425	-0.000001
890.00	0.0000001	0.002239	0.096407	-0.000001
895.00	0.0000006	-0.003108	0.096389	-0.000001
900.00	0.0000011	-0.001898	0.096371	-0.000001
905.00	0.0000011	0.004081	0.096353	-0.000001
910.00	0.0000011	-0.002308	0.096335	-0.000001
915.00	0.0000016	-0.000353	0.096317	-0.000001
920.00	0.0000016	-0.001378	0.096298	-0.000001
925.00	0.0000016	0.003558	0.096280	-0.000001
930.00	0.0000021	0.001489	0.096262	-0.000001
935.00	0.0000021	-0.001771	0.096244	-0.000001
940.00	0.0000026	0.002122	0.096226	-0.000001
945.00	0.0000031	0.001246	0.096208	-0.000001
950.00	0.0000031	0.002456	0.096190	-0.000001
955.00	0.0000016	0.000239	0.096171	-0.000001
960.00	0.0000006	-0.000041	0.096153	-0.000001
965.00	0.0000006	0.001765	0.096135	-0.000001
970.00	0.0000001	-0.000303	0.096117	-0.000001
975.00	0.0000001	-0.000135	0.096099	-0.000001
980.00	-0.0000004	-0.001160	0.096081	-0.000001
985.00	0.0000001	0.003626	0.096063	-0.000001
990.00	0.0000001	-0.002018	0.096045	-0.000001
995.00	0.0000006	-0.000361	0.096026	-0.000001
1000.00	0.0000006	-0.003472	0.096008	-0.000001
1005.00	0.0000006	0.000569	0.095990	-0.000001
1010.00	0.0000006	0.001631	0.095972	-0.000001
1015.00	0.0000001	0.001649	0.095954	-0.000001
1020.00	0.0000001	-0.001313	0.095936	-0.000001
1025.00	-0.0000002	0.001238	0.095918	-0.000001
1030.00	-0.0000002	-0.000681	0.095900	-0.000001
1035.00	0.0000001	0.002913	0.095881	-0.000001
1040.00	0.0000003	0.003528	0.095863	-0.000001
1045.00	0.0000006	-0.002862	0.095845	-0.000001
1050.00	0.0000006	-0.002248	0.095827	-0.000001
1055.00	0.0000006	0.001943	0.095809	-0.000001
1060.00	0.0000001	0.005090	0.095791	-0.000001
1065.00	0.0000001	0.001532	0.095773	-0.000001
1070.00	-0.0000004	0.000954	0.095754	-0.000001
1075.00	0.0000001	-0.001114	0.095736	-0.000001
1080.00	0.0000001	0.005163	0.095718	-0.000001
1085.00	0.0000006	-0.000929	0.095700	-0.000001
1090.00	0.0000006	0.004901	0.095682	-0.000001
1095.00	0.0000025	-0.004469	0.095664	-0.000001
1100.00	0.0000006	0.002106	0.095646	-0.000001
1105.00	0.0000003	0.000249	0.095416	-0.000001
1110.00	0.0000005	0.001311	0.095398	-0.000001
1115.00	0.0000005	-0.000012	0.095380	-0.000001
1120.00	0.0000005	0.001347	0.095362	-0.000001
1125.00	0.0000005	0.000024	0.095343	-0.000001
1130.00	0.0000003	0.002128	0.095325	-0.000001
1135.00	0.0000000	0.002742	0.095307	-0.000001
1140.00	0.0000000	-0.003051	0.095289	-0.000001
1145.00	0.0000000	0.003375	0.095271	-0.000001
1150.00	0.0000005	-0.000779	0.095253	-0.000001
1155.00	0.0000015	-0.001059	0.095235	-0.000001
1160.00	0.0000030	0.004770	0.095217	-0.000001
1165.00	0.0000025	-0.001768	0.095198	-0.000001
1170.00	0.0000010	-0.002495	0.095180	-0.000001
1175.00	0.0000005	-0.001434	0.095162	-0.000001
1180.00	0.0000005	0.001267	0.095144	-0.000001
1185.00	0.0000005	-0.000802	0.095126	-0.000001
1190.00	0.0000000	-0.001677	0.095108	-0.000001
1195.00	0.0000000	0.002811	0.095090	-0.000001
1200.00	0.0000005	-0.000300	0.095072	-0.000001
