Bentham+Kilukarp+B487 datafile
2024-11-15 16:10:59
Slits: 1.000
Avg: 25
Comment: Luminance 1 slot 0_0 (Baader UV-IR Cut)

00:00:07	0.000000	0.104356	23.9	-1.5	4.3
00:03:18	-0.000001	0.102764	23.9	-1.5	4.3
00:06:30	0.000000	0.104439	23.9	-1.5	4.3
00:09:40	0.000000	0.100875	23.9	-1.5	4.3
00:12:51	0.000000	0.102580	23.9	-1.5	4.3
00:16:02	0.000000	0.102550	23.9	-1.5	4.3
00:19:13	0.000000	0.103563	23.9	-1.5	4.3
00:22:23	0.000000	0.103080	23.9	-1.5	4.3
00:25:34	0.000000	0.102657	23.9	-1.5	4.3
00:28:46	0.000000	0.100780	23.9	-1.5	4.3
00:31:58	-0.000001	0.101668	23.9	-1.5	4.3
00:32:59	-0.000001	0.104147	23.9	-1.5	4.3

nm	b487	kilu
350.00	0.0000001	0.000554	0.104303	-0.000000
351.00	-0.0000007	-0.000665	0.104264	-0.000000
352.00	-0.0000008	0.000286	0.104225	-0.000000
353.00	-0.0000009	0.001803	0.104186	-0.000000
354.00	-0.0000008	0.002068	0.104148	-0.000000
355.00	-0.0000008	-0.000117	0.104109	-0.000000
356.00	-0.0000009	0.000268	0.104070	-0.000000
357.00	-0.0000008	-0.001345	0.104031	-0.000000
358.00	-0.0000008	0.000280	0.103993	-0.000000
359.00	-0.0000007	-0.000230	0.103954	-0.000000
360.00	-0.0000007	0.000464	0.103915	-0.000000
361.00	-0.0000007	0.000813	0.103877	-0.000000
362.00	-0.0000007	0.001740	0.103838	-0.000000
363.00	-0.0000006	0.000604	0.103799	-0.000000
364.00	-0.0000005	0.001794	0.103760	-0.000000
365.00	-0.0000005	0.001636	0.103722	-0.000000
366.00	-0.0000005	0.000727	0.103683	-0.000000
367.00	-0.0000005	0.001314	0.103644	-0.000000
368.00	-0.0000005	0.001186	0.103605	-0.000000
369.00	-0.0000004	0.001552	0.103566	-0.000000
370.00	-0.0000004	-0.000126	0.103528	-0.000000
371.00	-0.0000004	0.000062	0.103489	-0.000001
372.00	-0.0000004	0.000935	0.103450	-0.000001
373.00	-0.0000003	0.000527	0.103412	-0.000001
374.00	-0.0000003	-0.000173	0.103373	-0.000001
375.00	-0.0000005	0.000408	0.103334	-0.000001
376.00	-0.0000003	0.000035	0.103295	-0.000001
377.00	-0.0000003	0.000450	0.103257	-0.000001
378.00	-0.0000002	0.000166	0.103218	-0.000001
379.00	-0.0000004	0.000253	0.103179	-0.000001
380.00	-0.0000002	0.000643	0.103140	-0.000001
381.00	-0.0000002	0.000265	0.103102	-0.000001
382.00	-0.0000001	0.002098	0.103063	-0.000001
383.00	-0.0000002	0.001117	0.103024	-0.000001
384.00	-0.0000001	0.001132	0.102985	-0.000001
385.00	-0.0000001	-0.000880	0.102947	-0.000001
386.00	-0.0000001	-0.001586	0.102908	-0.000001
387.00	0.0000000	-0.001625	0.102869	-0.000001
388.00	0.0000000	0.000840	0.102830	-0.000001
389.00	0.0000004	0.001205	0.102817	-0.000001
390.00	0.0000010	-0.000278	0.102857	-0.000001
391.00	0.0000037	-0.001141	0.102898	-0.000001
392.00	0.0000001	-0.001044	0.102938	-0.000001
393.00	0.0000000	-0.000608	0.102979	-0.000001
394.00	-0.0000000	0.000854	0.103019	-0.000001
395.00	0.0000002	0.000772	0.103060	-0.000001
396.00	0.0000100	0.000612	0.103100	-0.000001
397.00	0.0000764	0.000524	0.103141	-0.000001
398.00	0.0000075	0.001896	0.103181	-0.000001
399.00	0.0000065	0.000031	0.103222	-0.000001
400.00	0.0000213	0.001696	0.103274	-0.000001
401.00	0.0002316	0.001309	0.103315	-0.000001
402.00	0.0004491	0.002479	0.103355	-0.000001
403.00	0.0003255	0.000907	0.103396	-0.000001
404.00	0.0004414	0.001110	0.103436	-0.000001
405.00	0.0006454	0.000116	0.103477	-0.000001
406.00	0.0009943	0.001018	0.103517	-0.000001
407.00	0.0014026	0.001251	0.103558	-0.000000
408.00	0.0016242	0.001008	0.103598	-0.000000
409.00	0.0022056	0.001778	0.103639	-0.000000
410.00	0.0038588	0.001040	0.103679	-0.000000
411.00	0.0056642	0.000261	0.103720	-0.000000
412.00	0.0068821	0.000745	0.103760	-0.000000
413.00	0.0097479	0.000979	0.103800	-0.000000
414.00	0.0139791	0.000121	0.103841	-0.000000
415.00	0.0159190	0.000141	0.103881	-0.000000
416.00	0.0175135	-0.000001	0.103922	-0.000000
417.00	0.0217043	-0.000173	0.103962	-0.000000
418.00	0.0259642	-0.000851	0.104003	-0.000000
419.00	0.0281464	-0.000367	0.104043	-0.000000
420.00	0.0303158	-0.001576	0.104084	-0.000000
421.00	0.0329527	-0.000621	0.104124	-0.000000
422.00	0.0344774	0.000066	0.104165	-0.000000
423.00	0.0351175	-0.000046	0.104205	-0.000000
424.00	0.0354603	0.000557	0.104246	-0.000000
425.00	0.0352137	0.000207	0.104286	-0.000000
426.00	0.0352206	-0.000215	0.104327	-0.000000
427.00	0.0367979	0.000340	0.104367	-0.000000
428.00	0.0396150	0.000002	0.104324	0.000000
429.00	0.0413519	-0.000793	0.104237	0.000000
430.00	0.0421407	-0.000319	0.104150	0.000000
431.00	0.0431512	0.000805	0.104063	0.000000
432.00	0.0441276	0.000909	0.103977	0.000000
433.00	0.0439194	0.000072	0.103890	0.000000
434.00	0.0429504	-0.000598	0.103804	0.000000
435.00	0.0430131	-0.000213	0.103717	0.000000
436.00	0.0444621	0.000308	0.103630	0.000000
437.00	0.0455506	0.000926	0.103543	0.000000
438.00	0.0450950	0.000905	0.103457	0.000000
439.00	0.0444157	0.000169	0.103370	0.000000
440.00	0.0449835	0.000679	0.103283	0.000000
441.00	0.0464960	0.001684	0.103196	0.000000
442.00	0.0474433	-0.000059	0.103110	0.000000
443.00	0.0472808	0.000713	0.103023	0.000000
444.00	0.0469919	0.002140	0.102937	0.000000
445.00	0.0474600	0.000272	0.102850	0.000000
446.00	0.0484502	-0.000660	0.102763	0.000000
447.00	0.0491574	-0.000884	0.102676	0.000000
448.00	0.0493564	-0.000910	0.102590	0.000000
449.00	0.0495033	-0.000287	0.102503	0.000000
450.00	0.0499729	0.000068	0.102416	0.000000
451.00	0.0507086	-0.001353	0.102329	0.000000
452.00	0.0515088	-0.000909	0.102243	0.000000
453.00	0.0523986	-0.000798	0.102156	0.000000
454.00	0.0533287	-0.001117	0.102070	0.000000
455.00	0.0543483	-0.000071	0.101983	0.000000
456.00	0.0554099	-0.001260	0.101896	0.000000
457.00	0.0566231	0.000496	0.101809	0.000000
458.00	0.0581455	0.001107	0.101723	0.000000
459.00	0.0597632	0.001260	0.101636	0.000000
460.00	0.0612747	0.000285	0.101549	0.000000
461.00	0.0624472	-0.000415	0.101462	0.000000
462.00	0.0636033	-0.000554	0.101376	0.000000
463.00	0.0652796	-0.001046	0.101289	0.000000
464.00	0.0674311	-0.000900	0.101202	0.000000
465.00	0.0695465	-0.001498	0.101116	0.000000
466.00	0.0711209	0.000555	0.101029	0.000000
467.00	0.0722686	0.001131	0.100930	0.000000
468.00	0.0736503	0.000148	0.100972	0.000000
469.00	0.0756631	0.000660	0.101013	0.000000
470.00	0.0779395	-0.000400	0.101055	0.000000
471.00	0.0796801	0.000232	0.101096	0.000000
472.00	0.0804716	0.001096	0.101138	0.000000
473.00	0.0808349	0.000328	0.101179	0.000000
474.00	0.0818440	-0.000173	0.101221	0.000000
475.00	0.0839606	0.000364	0.101262	0.000000
476.00	0.0868311	0.000484	0.101303	0.000000
477.00	0.0893450	0.000698	0.101345	0.000000
478.00	0.0906731	0.000198	0.101386	0.000000
479.00	0.0913288	0.000603	0.101428	0.000000
480.00	0.0922596	0.001712	0.101469	0.000000
481.00	0.0938860	0.001134	0.101511	0.000000
482.00	0.0959282	0.000169	0.101552	0.000000
483.00	0.0976378	-0.000850	0.101594	0.000000
484.00	0.0985477	-0.000605	0.101635	0.000000
485.00	0.0990211	0.000128	0.101677	0.000000
486.00	0.0996272	-0.001296	0.101718	0.000000
487.00	0.1007739	-0.000479	0.101759	0.000000
488.00	0.1023219	0.000063	0.101801	0.000000
489.00	0.1041418	0.000153	0.101842	0.000000
490.00	0.1056995	-0.000210	0.101884	0.000000
491.00	0.1071612	0.001006	0.101925	0.000000
492.00	0.1087412	0.002198	0.101967	0.000000
493.00	0.1103181	0.001537	0.102008	0.000000
494.00	0.1116518	0.002205	0.102050	0.000000
495.00	0.1125714	0.001794	0.102091	0.000000
496.00	0.1131791	0.001991	0.102133	0.000000
497.00	0.1139675	0.001192	0.102174	0.000000
498.00	0.1152789	0.000501	0.102216	0.000000
499.00	0.1169405	0.000340	0.102257	0.000000
500.00	0.1183526	0.001402	0.102298	0.000000
501.00	0.1190323	0.000401	0.102340	0.000000
502.00	0.1188356	0.000627	0.102381	0.000000
503.00	0.1184374	-0.000219	0.102423	0.000000
504.00	0.1188148	0.000574	0.102464	0.000000
505.00	0.1203676	0.000443	0.102506	0.000000
506.00	0.1227892	-0.000452	0.102579	0.000000
507.00	0.1251565	0.000824	0.102578	0.000000
508.00	0.1261681	-0.000188	0.102577	0.000000
509.00	0.1256724	0.001452	0.102576	0.000000
510.00	0.1244237	0.001089	0.102576	0.000000
511.00	0.1238876	0.000696	0.102575	0.000000
512.00	0.1249256	0.001346	0.102574	0.000000
513.00	0.1274866	0.000519	0.102574	0.000000
514.00	0.1306796	0.001264	0.102573	0.000000
515.00	0.1330546	0.001814	0.102572	0.000000
516.00	0.1337068	0.001176	0.102571	0.000000
517.00	0.1326801	0.001493	0.102571	0.000000
518.00	0.1311505	0.000928	0.102570	0.000000
519.00	0.1305122	0.000630	0.102569	0.000000
520.00	0.1315797	0.000422	0.102568	0.000000
521.00	0.1341738	0.001055	0.102568	0.000000
522.00	0.1373956	0.000281	0.102567	0.000000
523.00	0.1398638	0.000174	0.102566	0.000000
524.00	0.1409728	-0.000296	0.102566	0.000000
525.00	0.1408778	0.000951	0.102565	0.000000
526.00	0.1403500	-0.000449	0.102564	0.000000
527.00	0.1403468	-0.000520	0.102563	0.000000
528.00	0.1412232	0.000142	0.102563	0.000000
529.00	0.1428736	-0.000447	0.102562	0.000000
530.00	0.1447255	0.000382	0.102561	0.000000
531.00	0.1461024	-0.001173	0.102561	0.000000
532.00	0.1468045	-0.001154	0.102560	0.000000
533.00	0.1470012	-0.000391	0.102559	0.000000
534.00	0.1473147	0.000742	0.102558	0.000000
535.00	0.1482262	0.001035	0.102558	0.000000
536.00	0.1497823	-0.000579	0.102557	0.000000
537.00	0.1516086	0.000560	0.102556	0.000000
538.00	0.1530831	0.000483	0.102555	0.000000
539.00	0.1537867	0.000990	0.102555	0.000000
540.00	0.1537787	-0.000255	0.102554	0.000000
541.00	0.1534461	0.000390	0.102553	0.000000
542.00	0.1534781	-0.000098	0.102553	0.000000
543.00	0.1542569	0.000946	0.102552	0.000000
544.00	0.1558481	0.000076	0.102551	0.000000
545.00	0.1578628	0.000229	0.102583	0.000000
546.00	0.1596895	-0.000665	0.102607	0.000000
547.00	0.1608649	-0.001125	0.102632	0.000000
548.00	0.1612463	-0.000095	0.102657	0.000000
549.00	0.1611952	-0.000203	0.102681	0.000000
550.00	0.1612407	0.000512	0.102706	0.000000
551.00	0.1617653	-0.000550	0.102731	0.000000
552.00	0.1629567	0.001022	0.102755	0.000000
553.00	0.1645032	0.001040	0.102780	0.000000
554.00	0.1660909	0.001373	0.102804	0.000000
555.00	0.1671490	0.001080	0.102829	0.000000
556.00	0.1674542	0.000972	0.102854	0.000000
557.00	0.1672265	0.000941	0.102878	0.000000
558.00	0.1668546	0.000887	0.102903	0.000000
559.00	0.1669042	-0.000205	0.102928	0.000000
560.00	0.1675146	-0.000325	0.102952	0.000000
561.00	0.1687416	0.000503	0.102977	0.000000
562.00	0.1702134	0.000776	0.103002	0.000000
563.00	0.1716403	-0.000506	0.103026	0.000000
564.00	0.1726891	-0.000591	0.103051	0.000000
565.00	0.1731663	-0.001068	0.103076	0.000000
566.00	0.1732763	-0.000837	0.103100	0.000000
567.00	0.1733971	-0.002018	0.103125	0.000000
568.00	0.1737783	-0.001202	0.103150	0.000000
569.00	0.1745358	0.000723	0.103174	0.000000
570.00	0.1755522	0.000144	0.103199	0.000000
571.00	0.1765220	-0.000185	0.103223	0.000000
572.00	0.1771758	-0.000257	0.103248	0.000000
573.00	0.1773787	0.000678	0.103273	0.000000
574.00	0.1772563	-0.000211	0.103297	0.000000
575.00	0.1768876	-0.000617	0.103322	0.000000
576.00	0.1767373	-0.000022	0.103347	0.000000
577.00	0.1770146	-0.000571	0.103371	0.000000
578.00	0.1777955	-0.002134	0.103396	0.000000
579.00	0.1789032	-0.001544	0.103421	0.000000
580.00	0.1801308	-0.000276	0.103445	0.000000
581.00	0.1811357	-0.001147	0.103470	0.000000
582.00	0.1818018	0.000730	0.103495	0.000000
583.00	0.1820001	0.000819	0.103519	0.000000
584.00	0.1819268	-0.000062	0.103547	0.000000
585.00	0.1818132	-0.000551	0.103536	0.000000
586.00	0.1818676	-0.000301	0.103524	0.000000
587.00	0.1821315	-0.000974	0.103512	0.000000
588.00	0.1826608	-0.001630	0.103500	0.000000
589.00	0.1832541	-0.000069	0.103489	0.000000
590.00	0.1837259	0.000295	0.103477	0.000000
591.00	0.1840266	0.000450	0.103465	0.000000
592.00	0.1840953	0.000688	0.103453	0.000000
593.00	0.1839850	0.000968	0.103442	0.000000
594.00	0.1839818	0.000419	0.103430	0.000000
595.00	0.1842121	0.001069	0.103418	0.000000
596.00	0.1847142	0.001593	0.103406	0.000000
597.00	0.1854291	0.001289	0.103395	0.000000
598.00	0.1861551	0.002612	0.103383	0.000000
599.00	0.1866637	0.001443	0.103371	0.000000
600.00	0.1867629	0.001169	0.103360	0.000000
601.00	0.1863231	0.000537	0.103348	0.000000
602.00	0.1853859	-0.000572	0.103336	0.000000
603.00	0.1842585	0.000096	0.103324	0.000000
604.00	0.1831406	0.000066	0.103313	0.000000
605.00	0.1823810	-0.001204	0.103301	0.000000
606.00	0.1820963	-0.000137	0.103289	0.000000
607.00	0.1823330	-0.000984	0.103277	0.000000
608.00	0.1830159	-0.001228	0.103266	0.000000
609.00	0.1839274	-0.000156	0.103254	0.000000
610.00	0.1848598	0.000166	0.103242	0.000000
611.00	0.1855394	0.001310	0.103230	0.000000
612.00	0.1857633	0.001745	0.103219	0.000000
613.00	0.1855015	0.000368	0.103207	0.000000
614.00	0.1849143	0.000684	0.103195	0.000000
615.00	0.1841784	-0.000347	0.103183	0.000000
616.00	0.1835215	-0.000705	0.103172	0.000000
617.00	0.1831218	0.000409	0.103160	0.000000
618.00	0.1831079	-0.001260	0.103148	0.000000
619.00	0.1834719	-0.001141	0.103136	0.000000
620.00	0.1841433	-0.000426	0.103125	0.000000
621.00	0.1849797	-0.000098	0.103113	0.000000
622.00	0.1857075	-0.000522	0.103101	0.000000
623.00	0.1861104	-0.001000	0.103067	0.000000
624.00	0.1861567	-0.000477	0.103056	0.000000
625.00	0.1857729	-0.000264	0.103046	0.000000
626.00	0.1849525	0.000247	0.103036	0.000000
627.00	0.1838603	-0.000130	0.103025	0.000000
628.00	0.1826480	-0.001246	0.103015	0.000000
629.00	0.1815382	-0.001140	0.103005	0.000000
630.00	0.1806778	-0.001112	0.102995	0.000000
631.00	0.1801468	-0.000524	0.102984	0.000000
632.00	0.1800349	0.000005	0.102974	0.000000
633.00	0.1803563	-0.000026	0.102964	0.000000
634.00	0.1809848	0.001414	0.102953	0.000000
635.00	0.1818852	0.002253	0.102943	0.000000
636.00	0.1827216	0.000678	0.102933	0.000000
637.00	0.1834540	0.000927	0.102922	0.000000
638.00	0.1838155	0.001462	0.102912	0.000000
639.00	0.1837771	0.000447	0.102902	0.000000
640.00	0.1833117	0.000803	0.102892	0.000000
641.00	0.1825393	-0.000141	0.102881	0.000000
642.00	0.1816565	-0.000500	0.102871	0.000000
643.00	0.1807993	0.001173	0.102861	0.000000
644.00	0.1801916	-0.001087	0.102850	0.000000
645.00	0.1798814	0.000896	0.102840	0.000000
646.00	0.1799757	0.000841	0.102830	0.000000
647.00	0.1804139	0.000213	0.102819	0.000000
648.00	0.1810568	0.000223	0.102809	0.000000
649.00	0.1818132	0.000943	0.102799	0.000000
650.00	0.1824497	0.000590	0.102789	0.000000
651.00	0.1828240	0.000308	0.102778	0.000000
652.00	0.1829151	0.000569	0.102768	0.000000
653.00	0.1826752	0.000352	0.102758	0.000000
654.00	0.1822274	-0.000031	0.102747	0.000000
655.00	0.1817621	0.000325	0.102737	0.000000
656.00	0.1813607	0.000771	0.102727	0.000000
657.00	0.1810920	0.002074	0.102717	0.000000
658.00	0.1810024	0.001012	0.102706	0.000000
659.00	0.1810216	0.001076	0.102696	0.000000
660.00	0.1809944	0.000567	0.102686	0.000000
661.00	0.1808457	0.000715	0.102675	0.000000
662.00	0.1804555	0.001539	0.102597	0.000000
663.00	0.1797073	0.000213	0.102551	0.000000
664.00	0.1787157	0.000556	0.102506	0.000000
665.00	0.1775321	0.000816	0.102461	0.000000
666.00	0.1763190	0.000289	0.102415	0.000000
667.00	0.1751091	-0.000071	0.102370	0.000000
668.00	0.1741904	0.000195	0.102325	0.000000
669.00	0.1734916	-0.000600	0.102279	0.000000
670.00	0.1730362	-0.001496	0.102234	0.000000
671.00	0.1726643	-0.000754	0.102189	0.000000
672.00	0.1721283	0.000782	0.102144	0.000000
673.00	0.1716682	-0.001003	0.102098	0.000000
674.00	0.1727008	-0.000671	0.102053	0.000000
675.00	0.1744104	0.000280	0.102008	0.000000
676.00	0.1770763	0.000325	0.101962	0.000000
677.00	0.1797726	-0.000905	0.101917	0.000000
678.00	0.1820931	-0.001527	0.101872	0.000000
679.00	0.1844951	-0.000785	0.101826	0.000000
680.00	0.1868236	-0.001401	0.101781	0.000000
681.00	0.1891918	-0.001040	0.101736	0.000000
682.00	0.1910927	-0.001042	0.101691	0.000000
683.00	0.1924945	0.000064	0.101645	0.000000
684.00	0.1932189	-0.000487	0.101600	0.000000
685.00	0.1930878	-0.000710	0.101555	0.000000
686.00	0.1922434	-0.000491	0.101509	0.000000
687.00	0.1906858	-0.001549	0.101464	0.000000
688.00	0.1886659	-0.000419	0.101419	0.000000
689.00	0.1859009	0.000527	0.101374	0.000000
690.00	0.1822498	0.000530	0.101328	0.000000
691.00	0.1764270	0.001315	0.101283	0.000000
692.00	0.1681974	-0.000053	0.101238	0.000000
693.00	0.1564447	0.000428	0.101192	0.000000
694.00	0.1421779	0.000914	0.101147	0.000000
695.00	0.1252949	0.001537	0.101102	0.000000
696.00	0.1079272	0.000254	0.101056	0.000000
697.00	0.0910346	0.003100	0.101011	0.000000
698.00	0.0760466	0.002389	0.100966	0.000000
699.00	0.0631600	0.001933	0.100921	0.000000
700.00	0.0517951	0.002314	0.100862	0.000000
701.00	0.0435197	0.000567	0.100809	-0.000000
702.00	0.0363018	0.000193	0.100831	-0.000000
703.00	0.0304064	0.000792	0.100852	-0.000000
704.00	0.0252048	-0.000607	0.100874	-0.000000
705.00	0.0208184	0.001738	0.100895	-0.000000
706.00	0.0168871	0.001103	0.100917	-0.000000
707.00	0.0135755	0.001814	0.100938	-0.000000
708.00	0.0107181	0.000320	0.100960	-0.000000
709.00	0.0083551	0.000233	0.100981	-0.000000
710.00	0.0065631	0.001195	0.101003	-0.000000
711.00	0.0051203	0.001042	0.101025	-0.000000
712.00	0.0040119	0.002672	0.101046	-0.000000
713.00	0.0031610	0.000630	0.101068	-0.000000
714.00	0.0025110	-0.000083	0.101089	-0.000000
715.00	0.0020142	-0.001052	0.101111	-0.000000
716.00	0.0016361	0.001435	0.101132	-0.000000
717.00	0.0013508	0.000621	0.101154	-0.000000
718.00	0.0011173	0.000218	0.101175	-0.000000
719.00	0.0009401	-0.000089	0.101197	-0.000000
720.00	0.0007934	0.000300	0.101218	-0.000000
721.00	0.0006791	0.000654	0.101240	-0.000000
722.00	0.0005853	0.000859	0.101262	-0.000000
723.00	0.0005034	0.000742	0.101283	-0.000001
724.00	0.0004366	0.000940	0.101305	-0.000001
725.00	0.0003759	0.001032	0.101327	-0.000001
726.00	0.0003239	0.000832	0.101348	-0.000001
727.00	0.0002780	0.000089	0.101370	-0.000001
728.00	0.0002350	-0.001089	0.101392	-0.000001
729.00	0.0001973	0.001035	0.101413	-0.000001
730.00	0.0001630	0.000418	0.101435	-0.000001
731.00	0.0001341	0.000557	0.101456	-0.000001
732.00	0.0001103	-0.001139	0.101478	-0.000001
733.00	0.0000893	-0.001328	0.101499	-0.000001
734.00	0.0000724	-0.000300	0.101521	-0.000001
735.00	0.0000584	-0.000042	0.101542	-0.000001
736.00	0.0000475	-0.001434	0.101564	-0.000001
737.00	0.0000390	-0.000961	0.101585	-0.000001
738.00	0.0000321	-0.000941	0.101607	-0.000001
739.00	0.0000265	-0.000992	0.101629	-0.000001
740.00	0.0000223	0.001042	0.101925	-0.000001
741.00	0.0000190	-0.000291	0.102114	-0.000001
742.00	0.0000163	-0.000145	0.102302	-0.000001
743.00	0.0000142	-0.000249	0.102489	-0.000001
744.00	0.0000126	-0.001176	0.102677	-0.000001
745.00	0.0000112	-0.001305	0.102865	-0.000001
746.00	0.0000102	-0.000027	0.103053	-0.000001
747.00	0.0000097	-0.001353	0.103242	-0.000001
748.00	0.0000089	0.000080	0.103430	-0.000001
749.00	0.0000085	-0.001378	0.103618	-0.000001
750.00	0.0000082	-0.002120	0.103806	-0.000001
