Bentham+Kilukarp+B487 datafile
2024-11-14 17:48:18
Slits: 1.000
Avg: 1
Comment: Testskaneerimine slot 0_0 (tyhi)

00:00:03	-0.000001	0.097901	23.6	-1.6	4.5
00:02:06	-0.000000	0.099093	23.6	-1.6	4.5

nm	b487	kilu
300.00	0.0012194	-0.000843	0.097999	-0.000001
305.00	0.0013670	-0.005617	0.098004	-0.000001
310.00	0.0015146	0.000488	0.098009	-0.000001
315.00	0.0006386	-0.003892	0.098067	-0.000001
320.00	0.0008350	0.000573	0.098072	-0.000001
325.00	0.0010743	0.001462	0.098077	-0.000001
330.00	0.0013712	-0.003013	0.098082	-0.000001
335.00	0.0017396	-0.000485	0.098087	-0.000001
340.00	0.0021883	-0.000788	0.098092	-0.000001
345.00	0.0027340	-0.001091	0.098097	-0.000001
350.00	0.0033861	-0.000351	0.098102	-0.000001
355.00	0.0041564	0.000091	0.098107	-0.000001
360.00	0.0050658	0.000086	0.098112	-0.000001
365.00	0.0061299	0.002018	0.098117	-0.000001
370.00	0.0074072	-0.004245	0.098122	-0.000001
375.00	0.0089360	0.194528	0.098131	-0.000001
380.00	0.0107499	-0.003960	0.098136	-0.000001
385.00	0.0128179	0.002144	0.098141	-0.000001
390.00	0.0151701	-0.000245	0.098146	-0.000001
395.00	0.0178436	0.001985	0.098151	-0.000001
400.00	0.0171310	0.002414	0.098169	-0.000001
405.00	0.0202979	-0.001764	0.098174	-0.000001
410.00	0.0241300	0.002255	0.098179	-0.000001
415.00	0.0281939	-0.002668	0.098184	-0.000001
420.00	0.0323699	-0.001183	0.098189	-0.000001
425.00	0.0368873	-0.001635	0.098194	-0.000001
430.00	0.0424312	-0.002534	0.098199	-0.000001
435.00	0.0446712	-0.000750	0.098204	-0.000001
440.00	0.0460815	-0.000010	0.098209	-0.000001
445.00	0.0473646	-0.001058	0.098214	-0.000001
450.00	0.0494178	-0.001511	0.098219	-0.000001
455.00	0.0533620	0.001316	0.098224	-0.000001
460.00	0.0597731	-0.002266	0.098229	-0.000001
465.00	0.0678012	-0.001824	0.098234	-0.000001
470.00	0.0761507	0.003834	0.098239	-0.000001
475.00	0.0841140	0.002339	0.098244	-0.000001
480.00	0.0914688	0.185913	0.098252	-0.000001
485.00	0.0980872	0.000686	0.098257	-0.000001
490.00	0.1042594	-0.002150	0.098262	-0.000001
495.00	0.1101590	-0.003645	0.098267	-0.000001
500.00	0.1156619	-0.001862	0.098272	-0.000001
505.00	0.1209170	0.002305	0.098277	-0.000001
510.00	0.1259490	0.000512	0.098282	-0.000001
515.00	0.1310057	-0.001430	0.098287	-0.000001
520.00	0.1357898	0.000651	0.098292	-0.000001
525.00	0.1403261	-0.006208	0.098297	-0.000001
530.00	0.1448623	0.001386	0.098302	-0.000001
535.00	0.1492250	0.000934	0.098307	-0.000001
540.00	0.1532902	-0.002349	0.098312	-0.000001
545.00	0.1571571	0.000477	0.098317	-0.000001
550.00	0.1608258	-0.002359	0.098322	-0.000001
555.00	0.1642465	0.000020	0.098327	-0.000001
560.00	0.1675681	-0.001177	0.098332	-0.000001
565.00	0.1704435	-0.002076	0.098337	-0.000001
570.00	0.1732694	-0.007445	0.098342	-0.000001
575.00	0.1756738	-0.005960	0.098347	-0.000001
580.00	0.1778799	-0.000452	0.098352	-0.000001
585.00	0.1797638	-0.002692	0.098357	-0.000001
590.00	0.1814494	-0.001356	0.098362	-0.000001
595.00	0.1828375	-0.001808	0.098367	-0.000001
600.00	0.1839282	-0.002409	0.098372	-0.000001
605.00	0.1848702	-0.003308	0.098377	-0.000001
610.00	0.1855147	-0.000333	0.098382	-0.000001
615.00	0.1859113	-0.001679	0.098387	-0.000001
620.00	0.1860600	-0.003025	0.098392	-0.000001
625.00	0.1860352	-0.005265	0.098397	-0.000001
630.00	0.1857625	-0.001843	0.098402	-0.000001
635.00	0.1852172	-0.006616	0.098407	-0.000001
640.00	0.1845231	-0.003194	0.098412	-0.000001
645.00	0.1835316	0.000079	0.098417	-0.000001
650.00	0.1822674	-0.003502	0.098422	-0.000001
655.00	0.1809536	-0.000676	0.098427	-0.000001
660.00	0.1793176	-0.003214	0.098432	-0.000001
665.00	0.1773346	-0.001431	0.098437	-0.000001
670.00	0.1747566	-0.004565	0.098442	-0.000001
675.00	0.1747318	-0.002484	0.098448	-0.000001
680.00	0.1856881	-0.002787	0.098452	-0.000001
685.00	0.1923561	0.001380	0.098458	-0.000001
690.00	0.1963718	-0.002797	0.098462	-0.000001
695.00	0.1981070	-0.002355	0.098468	-0.000001
700.00	0.1946366	-0.004012	0.098486	-0.000001
705.00	0.1942400	-0.003421	0.098491	-0.000001
710.00	0.1921826	-0.000148	0.098496	-0.000001
715.00	0.1889849	-0.003878	0.098501	-0.000001
720.00	0.1848949	-0.002393	0.098506	-0.000001
725.00	0.1804578	0.000433	0.098511	-0.000001
730.00	0.1756985	0.000130	0.098516	-0.000001
735.00	0.1707905	0.002062	0.098521	-0.000001
740.00	0.1656098	-0.005841	0.098526	-0.000001
745.00	0.1603795	-0.002418	0.098531	-0.000001
750.00	0.1550996	-0.001380	0.098536	-0.000001
755.00	0.1498694	-0.005260	0.098541	-0.000001
760.00	0.1440689	0.001739	0.098546	-0.000001
765.00	0.1394088	0.000244	0.098551	-0.000001
770.00	0.1345007	-0.000208	0.098556	-0.000001
775.00	0.1296423	-0.000064	0.098561	-0.000001
780.00	0.1250069	-0.000367	0.098566	-0.000001
785.00	0.1205451	0.004545	0.098571	-0.000001
790.00	0.1163559	0.001113	0.098576	-0.000001
795.00	0.1125385	-0.004257	0.098581	-0.000001
800.00	0.1090682	-0.001281	0.098586	-0.000001
805.00	0.1058953	0.001694	0.098591	-0.000001
810.00	0.1031686	-0.001291	0.098596	-0.000001
815.00	0.1008881	-0.004277	0.098601	-0.000001
820.00	0.0992025	-0.001152	0.098606	-0.000001
825.00	0.0979631	-0.002796	0.098611	-0.000001
830.00	0.0973682	0.002861	0.098616	-0.000001
835.00	0.0971203	0.001813	0.098621	-0.000001
840.00	0.0978640	0.002404	0.098626	-0.000001
845.00	0.0989298	-0.004903	0.098631	-0.000001
850.00	0.1006402	-0.001182	0.098636	-0.000001
855.00	0.1027720	0.002687	0.098641	-0.000001
860.00	0.1055978	-0.001192	0.098646	-0.000001
865.00	0.1088203	0.002081	0.098651	-0.000001
870.00	0.1122658	-0.003288	0.098656	-0.000001
875.00	0.1161080	-0.000611	0.098661	-0.000001
880.00	0.1202724	0.000129	0.098666	-0.000001
885.00	0.1245607	-0.001515	0.098671	-0.000001
890.00	0.1289730	0.002205	0.098676	-0.000001
895.00	0.1335587	0.000859	0.098681	-0.000001
900.00	0.1380454	0.000109	0.098686	-0.000001
905.00	0.1428295	-0.000790	0.098691	-0.000001
910.00	0.1471922	-0.002881	0.098696	-0.000001
915.00	0.1516045	-0.000800	0.098701	-0.000001
920.00	0.1559919	-0.000358	0.098706	-0.000001
925.00	0.1600820	-0.000810	0.098711	-0.000001
930.00	0.1636762	-0.000815	0.098716	-0.000001
935.00	0.1662542	0.001415	0.098721	-0.000001
940.00	0.1698980	0.001261	0.098726	-0.000001
945.00	0.1724760	-0.000979	0.098731	-0.000001
950.00	0.1757728	-0.003070	0.098736	-0.000001
955.00	0.1790200	0.003183	0.098741	-0.000001
960.00	0.1816228	0.000049	0.098746	-0.000001
965.00	0.1837793	0.000044	0.098751	-0.000001
970.00	0.1852666	-0.001898	0.098756	-0.000001
975.00	0.1860846	-0.003543	0.098761	-0.000001
980.00	0.1865308	-0.003399	0.098766	-0.000001
985.00	0.1862581	0.004196	0.098771	-0.000001
990.00	0.1852418	-0.001471	0.098776	-0.000001
995.00	0.1833331	0.002696	0.098781	-0.000001
1000.00	0.1805569	-0.003419	0.098786	-0.000001
1005.00	0.1771113	-0.000443	0.098791	-0.000001
1010.00	0.1725007	-0.002087	0.098796	-0.000001
1015.00	0.1670226	-0.000453	0.098801	-0.000001
1020.00	0.1604042	0.001926	0.098806	-0.000001
1025.00	0.1527199	0.001325	0.098811	-0.000001
1030.00	0.1443663	-0.003896	0.098816	-0.000001
1035.00	0.1349468	0.001017	0.098821	-0.000001
1040.00	0.1247341	-0.001968	0.098826	-0.000001
1045.00	0.1141744	-0.002867	0.098831	-0.000001
1050.00	0.1034908	0.002194	0.098836	-0.000001
1055.00	0.0929558	-0.001536	0.098841	-0.000001
1060.00	0.0815533	-0.004224	0.098846	-0.000001
1065.00	0.0720099	0.000689	0.098851	-0.000001
1070.00	0.0645487	-0.005575	0.098856	-0.000001
1075.00	0.0575627	0.197669	0.098864	-0.000001
1080.00	0.0510196	0.004694	0.098869	-0.000001
1085.00	0.0450172	-0.003507	0.098874	-0.000001
1090.00	0.0394833	-0.002320	0.098879	-0.000001
1095.00	0.0343903	-0.005454	0.098884	-0.000001
1100.00	0.0297908	-0.002032	0.098889	-0.000001
1105.00	0.0608317	-0.002691	0.098953	-0.000001
1110.00	0.0550262	-0.001504	0.098958	-0.000001
1115.00	0.0491808	0.003557	0.098963	-0.000001
1120.00	0.0435795	-0.005090	0.098968	-0.000001
1125.00	0.0383919	-0.003903	0.098973	-0.000001
1130.00	0.0337649	-0.001226	0.098978	-0.000001
1135.00	0.0285798	-0.002125	0.098983	-0.000001
1140.00	0.0251014	-0.002428	0.098988	-0.000001
1145.00	0.0210276	0.000100	0.098993	-0.000001
1150.00	0.0173923	0.002926	0.098998	-0.000001
1155.00	0.0140609	-0.000953	0.099003	-0.000001
1160.00	0.0109912	-0.003193	0.099008	-0.000001
1165.00	0.0082628	-0.001261	0.099013	-0.000001
1170.00	0.0059785	0.188571	0.099021	-0.000001
1175.00	0.0035567	-0.004404	0.099026	-0.000001
1180.00	0.0015406	-0.001577	0.099031	-0.000001
1185.00	0.0010330	-0.004861	0.099036	-0.000001
1190.00	0.0007838	-0.001587	0.099041	-0.000001
1195.00	0.0006088	-0.004573	0.099046	-0.000001
1200.00	0.0004731	-0.000405	0.099051	-0.000001
