Bentham+Kilukarp+B487 datafile
2024-11-14 19:27:47
Slits: 1.000
Avg: 25
Comment: B slot 0_1 (Johnson B)

00:00:07	0.000000	0.097013	23.7	-1.6	4.4
00:03:19	0.000000	0.098366	23.7	-1.6	4.4
00:06:30	0.000000	0.098318	23.7	-1.6	4.4
00:09:41	0.000000	0.098914	23.7	-1.6	4.4
00:12:52	-0.000001	0.098372	23.7	-1.6	4.4
00:15:21	-0.000001	0.098050	23.7	-1.6	4.4

nm	b487	kilu
370.00	-0.0000000	0.001691	0.097056	0.000000
371.00	-0.0000007	0.001551	0.097089	0.000000
372.00	-0.0000008	0.000577	0.097121	0.000000
373.00	-0.0000010	-0.000446	0.097154	0.000000
374.00	-0.0000008	0.000034	0.097187	0.000000
375.00	-0.0000009	-0.001423	0.097220	0.000000
376.00	-0.0000009	0.001340	0.097252	0.000000
377.00	-0.0000009	0.001051	0.097285	0.000000
378.00	-0.0000009	0.000965	0.097318	0.000000
379.00	-0.0000009	0.000145	0.097350	0.000000
380.00	-0.0000008	-0.000901	0.097383	0.000000
381.00	-0.0000006	-0.000749	0.097415	0.000000
382.00	0.0000000	-0.000006	0.097448	0.000000
383.00	0.0000018	-0.000671	0.097481	0.000000
384.00	0.0000117	-0.001335	0.097514	0.000000
385.00	0.0000229	-0.001905	0.097546	0.000000
386.00	0.0000337	-0.000566	0.097579	0.000000
387.00	0.0001541	-0.000551	0.097612	0.000000
388.00	0.0017089	-0.000721	0.097644	0.000000
389.00	0.0047867	-0.000259	0.097677	0.000000
390.00	0.0055598	-0.000846	0.097710	0.000000
391.00	0.0066571	-0.001046	0.097742	0.000000
392.00	0.0074627	-0.001329	0.097775	0.000000
393.00	0.0082026	-0.001433	0.097808	0.000000
394.00	0.0088795	-0.001179	0.097840	0.000000
395.00	0.0097523	-0.000783	0.097873	0.000000
396.00	0.0108228	-0.001591	0.097906	0.000000
397.00	0.0122171	-0.001599	0.097938	0.000000
398.00	0.0140449	-0.001257	0.097971	0.000000
399.00	0.0153368	-0.001695	0.098004	0.000000
400.00	0.0128965	-0.001153	0.098046	0.000000
401.00	0.0130295	-0.001454	0.098079	0.000000
402.00	0.0132109	-0.000354	0.098111	0.000000
403.00	0.0135751	-0.001382	0.098144	0.000000
404.00	0.0141320	-0.000574	0.098177	0.000000
405.00	0.0147758	-0.000726	0.098210	0.000000
406.00	0.0155308	-0.001355	0.098242	0.000000
407.00	0.0162728	-0.001316	0.098275	0.000000
408.00	0.0168920	-0.000848	0.098308	0.000000
409.00	0.0177320	0.000139	0.098364	0.000000
410.00	0.0188509	0.000003	0.098363	0.000000
411.00	0.0199297	-0.000562	0.098362	0.000000
412.00	0.0211630	-0.002188	0.098361	0.000000
413.00	0.0224117	-0.001597	0.098359	0.000000
414.00	0.0231515	-0.001614	0.098358	0.000000
415.00	0.0234873	-0.000582	0.098357	0.000000
416.00	0.0237374	-0.000902	0.098356	0.000000
417.00	0.0237218	-0.000484	0.098355	0.000000
418.00	0.0236252	0.000298	0.098354	0.000000
419.00	0.0240918	-0.002288	0.098352	0.000000
420.00	0.0252224	0.000038	0.098351	0.000000
421.00	0.0265546	-0.001272	0.098350	0.000000
422.00	0.0279386	-0.001283	0.098349	0.000000
423.00	0.0293180	-0.002617	0.098348	0.000000
424.00	0.0300850	-0.002777	0.098347	0.000000
425.00	0.0299503	-0.002334	0.098345	0.000000
426.00	0.0296600	-0.001958	0.098344	0.000000
427.00	0.0298688	-0.001474	0.098343	0.000000
428.00	0.0306108	-0.000912	0.098342	0.000000
429.00	0.0313856	-0.002187	0.098341	0.000000
430.00	0.0326434	-0.002430	0.098340	0.000000
431.00	0.0340548	-0.002584	0.098338	0.000000
432.00	0.0346063	-0.001998	0.098337	0.000000
433.00	0.0342734	-0.001270	0.098336	0.000000
434.00	0.0337627	-0.002455	0.098335	0.000000
435.00	0.0335082	0.000067	0.098334	0.000000
436.00	0.0333106	-0.001439	0.098333	0.000000
437.00	0.0331854	-0.001164	0.098332	0.000000
438.00	0.0334870	-0.002701	0.098330	0.000000
439.00	0.0342452	-0.001525	0.098329	0.000000
440.00	0.0349961	-0.002114	0.098328	0.000000
441.00	0.0354171	-0.002387	0.098327	0.000000
442.00	0.0357094	-0.000288	0.098326	0.000000
443.00	0.0360723	-0.001074	0.098325	0.000000
444.00	0.0363676	-0.001084	0.098323	0.000000
445.00	0.0365308	0.000079	0.098322	0.000000
446.00	0.0368350	-0.001148	0.098321	0.000000
447.00	0.0374013	0.000052	0.098320	0.000000
448.00	0.0378592	-0.000711	0.098337	0.000000
449.00	0.0376987	-0.000630	0.098352	0.000000
450.00	0.0370169	-0.000209	0.098366	0.000000
451.00	0.0362699	0.000086	0.098381	0.000000
452.00	0.0357718	0.000125	0.098395	0.000000
453.00	0.0355792	-0.000134	0.098410	0.000000
454.00	0.0357779	0.000525	0.098424	0.000000
455.00	0.0365017	0.000904	0.098439	0.000000
456.00	0.0376900	0.000717	0.098453	0.000000
457.00	0.0389624	-0.000597	0.098468	0.000000
458.00	0.0399192	0.000640	0.098482	0.000000
459.00	0.0405279	0.001401	0.098497	0.000000
460.00	0.0411936	0.000593	0.098511	0.000000
461.00	0.0420335	0.001908	0.098526	0.000000
462.00	0.0428377	0.001023	0.098540	0.000000
463.00	0.0434939	-0.001071	0.098555	0.000000
464.00	0.0440201	0.000190	0.098569	0.000000
465.00	0.0445280	0.000241	0.098584	0.000000
466.00	0.0448960	-0.000638	0.098598	0.000000
467.00	0.0448967	0.000009	0.098613	0.000000
468.00	0.0445493	0.000144	0.098627	0.000000
469.00	0.0440972	-0.000985	0.098642	0.000000
470.00	0.0437610	-0.001268	0.098656	0.000000
471.00	0.0435175	0.001227	0.098671	0.000000
472.00	0.0431529	-0.000713	0.098685	0.000000
473.00	0.0426022	-0.002206	0.098700	0.000000
474.00	0.0418650	-0.001916	0.098714	0.000000
475.00	0.0409629	-0.000607	0.098729	0.000000
476.00	0.0398747	-0.001081	0.098743	0.000000
477.00	0.0386489	-0.003152	0.098758	0.000000
478.00	0.0375048	-0.001205	0.098772	0.000000
479.00	0.0366553	-0.002227	0.098787	0.000000
480.00	0.0361942	-0.003124	0.098801	0.000000
481.00	0.0359413	-0.002036	0.098816	0.000000
482.00	0.0355488	-0.001144	0.098830	0.000000
483.00	0.0347249	-0.000163	0.098845	0.000000
484.00	0.0334873	-0.000887	0.098859	0.000000
485.00	0.0320411	-0.000389	0.098874	0.000000
486.00	0.0307171	0.000211	0.098888	0.000000
487.00	0.0297208	-0.001610	0.098896	-0.000000
488.00	0.0292078	-0.001406	0.098883	-0.000000
489.00	0.0292588	0.000062	0.098870	-0.000000
490.00	0.0299025	-0.000473	0.098857	-0.000000
491.00	0.0309477	-0.000120	0.098844	-0.000000
492.00	0.0320696	0.000870	0.098830	-0.000000
493.00	0.0326091	0.000061	0.098817	-0.000000
494.00	0.0320997	0.000181	0.098804	-0.000000
495.00	0.0305168	0.000761	0.098791	-0.000000
496.00	0.0283804	0.000148	0.098778	-0.000000
497.00	0.0262519	0.001038	0.098764	-0.000000
498.00	0.0245443	-0.000153	0.098751	-0.000000
499.00	0.0234623	0.000724	0.098738	-0.000000
500.00	0.0230085	-0.000836	0.098725	-0.000000
501.00	0.0230355	-0.000865	0.098712	-0.000000
502.00	0.0232505	-0.000458	0.098698	-0.000000
503.00	0.0232399	-0.000731	0.098685	-0.000000
504.00	0.0225746	-0.001475	0.098672	-0.000000
505.00	0.0211299	0.000392	0.098659	-0.000000
506.00	0.0191983	0.000221	0.098646	-0.000000
507.00	0.0171623	-0.000589	0.098632	-0.000000
508.00	0.0154951	-0.000331	0.098619	-0.000000
509.00	0.0143430	-0.000401	0.098606	-0.000000
510.00	0.0136978	0.001412	0.098593	-0.000000
511.00	0.0133969	-0.000351	0.098580	-0.000000
512.00	0.0132185	-0.000141	0.098566	-0.000001
513.00	0.0128266	0.000921	0.098553	-0.000001
514.00	0.0119499	-0.000288	0.098540	-0.000001
515.00	0.0106235	0.000721	0.098527	-0.000001
516.00	0.0091546	0.000680	0.098514	-0.000001
517.00	0.0078188	0.000896	0.098500	-0.000001
518.00	0.0068977	0.000540	0.098487	-0.000001
519.00	0.0064987	0.000935	0.098474	-0.000001
520.00	0.0066614	0.001866	0.098461	-0.000001
521.00	0.0074294	0.000973	0.098448	-0.000001
522.00	0.0083207	0.001493	0.098435	-0.000001
523.00	0.0076769	0.001661	0.098421	-0.000001
524.00	0.0050187	0.001030	0.098408	-0.000001
525.00	0.0025630	0.000400	0.098395	-0.000001
526.00	0.0012696	0.000830	0.098358	-0.000001
527.00	0.0006827	-0.000221	0.098348	-0.000001
528.00	0.0004041	0.000224	0.098338	-0.000001
529.00	0.0002588	0.001176	0.098328	-0.000001
530.00	0.0001759	-0.000096	0.098318	-0.000001
531.00	0.0001276	0.000415	0.098308	-0.000001
532.00	0.0000988	0.001337	0.098298	-0.000001
533.00	0.0000822	-0.000161	0.098288	-0.000001
534.00	0.0000729	-0.001176	0.098278	-0.000001
535.00	0.0000699	-0.000743	0.098268	-0.000001
536.00	0.0000729	0.001395	0.098258	-0.000001
537.00	0.0000844	-0.000699	0.098248	-0.000001
538.00	0.0001124	0.000116	0.098238	-0.000001
539.00	0.0001723	-0.001227	0.098228	-0.000001
540.00	0.0002433	-0.000234	0.098218	-0.000001
541.00	0.0001980	0.000128	0.098208	-0.000001
542.00	0.0000902	-0.000452	0.098198	-0.000001
543.00	0.0000354	-0.000895	0.098188	-0.000001
544.00	0.0000155	0.000653	0.098178	-0.000001
545.00	0.0000080	0.001122	0.098168	-0.000001
546.00	0.0000046	-0.001074	0.098158	-0.000001
547.00	0.0000028	-0.000491	0.098148	-0.000001
548.00	0.0000018	-0.000660	0.098138	-0.000001
549.00	0.0000012	-0.000865	0.098128	-0.000001
550.00	0.0000008	-0.000789	0.098118	-0.000001
551.00	0.0000006	-0.000869	0.098108	-0.000001
552.00	0.0000005	-0.000245	0.098098	-0.000001
553.00	0.0000003	0.001029	0.098088	-0.000001
554.00	0.0000002	0.001307	0.098077	-0.000001
555.00	0.0000002	0.000888	0.098067	-0.000001
