Bentham+Kilukarp+B487 datafile
2024-11-14 18:47:52
Slits: 1.000
Avg: 1
Comment: Testskaneerimine slot 0_2 (V)

00:00:03	-0.000000	0.095963	23.7	-1.6	4.4
00:02:06	-0.000001	0.097901	23.7	-1.6	4.4

nm	b487	kilu
300.00	-0.0000004	-0.000756	0.096123	-0.000001
305.00	-0.0000009	0.001918	0.096131	-0.000001
310.00	-0.0000009	0.000867	0.096140	-0.000001
315.00	-0.0000001	0.002113	0.096234	-0.000001
320.00	0.0000001	0.004638	0.096243	-0.000001
325.00	0.0000001	0.000309	0.096251	-0.000001
330.00	-0.0000001	0.002387	0.096259	-0.000001
335.00	-0.0000003	-0.001496	0.096267	-0.000001
340.00	-0.0000003	0.001626	0.096275	-0.000001
345.00	-0.0000008	-0.000022	0.096283	-0.000001
350.00	-0.0000006	-0.002265	0.096291	-0.000001
355.00	-0.0000003	-0.002720	0.096299	-0.000001
360.00	0.0000002	0.002785	0.096308	-0.000001
365.00	0.0000002	-0.001693	0.096316	-0.000001
370.00	0.0000002	-0.000509	0.096324	-0.000001
375.00	0.0000002	0.003357	0.096332	-0.000001
380.00	-0.0000003	0.000070	0.096340	-0.000001
385.00	-0.0000003	-0.001726	0.096348	-0.000001
390.00	-0.0000008	-0.005608	0.096356	-0.000001
395.00	-0.0000015	-0.003530	0.096364	-0.000001
400.00	0.0000002	-0.001921	0.096394	-0.000001
405.00	0.0000007	0.001051	0.096402	-0.000001
410.00	-0.0000003	-0.000447	0.096411	-0.000001
415.00	-0.0000003	-0.000455	0.096419	-0.000001
420.00	-0.0000005	-0.001804	0.096427	-0.000001
425.00	-0.0000008	0.003254	0.096435	-0.000001
430.00	-0.0000003	0.000266	0.096443	-0.000001
435.00	-0.0000002	0.001449	0.096451	-0.000001
440.00	0.0000003	-0.000049	0.096459	-0.000001
445.00	0.0000003	-0.002739	0.096467	-0.000001
450.00	0.0000003	0.000978	0.096476	-0.000001
455.00	0.0000003	0.003950	0.096484	-0.000001
460.00	-0.0000002	0.003048	0.096492	-0.000001
465.00	-0.0000002	0.000060	0.096500	-0.000001
470.00	-0.0000007	0.000499	0.096508	-0.000001
475.00	-0.0000002	0.001235	0.096516	-0.000001
480.00	0.0000319	-0.000114	0.096524	-0.000001
485.00	0.0081589	0.003603	0.096532	-0.000001
490.00	0.0141633	0.194623	0.096546	-0.000001
495.00	0.0539102	-0.001634	0.096554	-0.000001
500.00	0.0686508	-0.002983	0.096562	-0.000001
505.00	0.1097624	0.192954	0.096576	-0.000001
510.00	0.1107291	0.001615	0.096584	-0.000001
515.00	0.1221068	-0.000182	0.096592	-0.000001
520.00	0.1330384	0.000853	0.096600	-0.000001
525.00	0.1336581	-0.002135	0.096608	-0.000001
530.00	0.1363352	0.001284	0.096616	-0.000001
535.00	0.1459529	-0.000959	0.096625	-0.000001
540.00	0.1347735	-0.002159	0.096633	-0.000001
545.00	0.1410945	-0.000081	0.096641	-0.000001
550.00	0.1516046	0.001401	0.096649	-0.000001
555.00	0.1445400	-0.000545	0.096657	-0.000001
560.00	0.1393593	0.003769	0.096665	-0.000001
565.00	0.1455068	-0.005627	0.096673	-0.000001
570.00	0.1287005	0.002560	0.096681	-0.000001
575.00	0.1194298	0.001509	0.096690	-0.000001
580.00	0.1306340	0.000011	0.096698	-0.000001
585.00	0.1359882	0.001195	0.096706	-0.000001
590.00	0.1173476	-0.000601	0.096714	-0.000001
595.00	0.0967735	-0.004484	0.096722	-0.000001
600.00	0.0937741	0.002213	0.096730	-0.000001
605.00	0.0962282	-0.001371	0.096738	-0.000001
610.00	0.0835615	-0.001677	0.096746	-0.000001
615.00	0.0584550	0.194856	0.096760	-0.000001
620.00	0.0449254	-0.000805	0.096768	-0.000001
625.00	0.0459569	0.000230	0.096776	-0.000001
630.00	0.0421547	0.002159	0.096784	-0.000001
635.00	0.0262455	-0.000233	0.096793	-0.000001
640.00	0.0207215	0.001249	0.096801	-0.000001
645.00	0.0219474	-0.004869	0.096809	-0.000001
650.00	0.0164608	0.000488	0.096817	-0.000001
655.00	0.0099950	0.000032	0.096825	-0.000001
660.00	0.0071370	0.002856	0.096833	-0.000001
665.00	0.0048998	0.195812	0.096847	-0.000001
670.00	0.0043125	0.002238	0.096855	-0.000001
675.00	0.0019575	-0.001198	0.096863	-0.000001
680.00	0.0002158	0.005649	0.096871	-0.000001
685.00	0.0000399	0.002959	0.096879	-0.000001
690.00	0.0000119	0.000864	0.096887	-0.000001
695.00	0.0000050	-0.000038	0.096895	-0.000001
700.00	0.0000030	-0.004389	0.096925	-0.000001
705.00	0.0000020	0.003053	0.096933	-0.000001
710.00	0.0000013	0.000214	0.096942	-0.000001
715.00	0.0000010	-0.002327	0.096950	-0.000001
720.00	0.0000005	0.000943	0.096958	-0.000001
725.00	0.0000005	0.001084	0.096966	-0.000001
730.00	0.0000010	-0.002501	0.096974	-0.000001
735.00	0.0000015	-0.000274	0.096982	-0.000001
740.00	0.0000015	0.003444	0.096990	-0.000001
745.00	0.0000010	-0.002376	0.096998	-0.000001
750.00	0.0000005	-0.000596	0.097007	-0.000001
755.00	0.0000005	-0.005075	0.097015	-0.000001
760.00	0.0000005	-0.008510	0.097023	-0.000001
765.00	0.0000005	0.001019	0.097031	-0.000001
770.00	0.0000006	0.001607	0.097039	-0.000001
775.00	0.0000021	0.000555	0.097047	-0.000001
780.00	0.0000026	-0.001986	0.097055	-0.000001
785.00	0.0000011	-0.001100	0.097063	-0.000001
790.00	0.0000011	-0.003045	0.097072	-0.000001
795.00	0.0000016	0.000225	0.097080	-0.000001
800.00	0.0000016	-0.003211	0.097088	-0.000001
805.00	0.0000008	0.000805	0.097096	-0.000001
810.00	0.0000006	-0.004568	0.097104	-0.000001
815.00	0.0000006	-0.002043	0.097112	-0.000001
820.00	0.0000011	-0.000114	0.097120	-0.000001
825.00	0.0000011	0.001815	0.097128	-0.000001
830.00	0.0000006	-0.001024	0.097137	-0.000001
835.00	0.0000006	0.000607	0.097145	-0.000001
840.00	0.0000006	-0.001636	0.097153	-0.000001
845.00	0.0000001	-0.007605	0.097161	-0.000001
850.00	0.0000001	0.003712	0.097169	-0.000001
855.00	-0.0000004	0.002661	0.097177	-0.000001
860.00	0.0000001	-0.000477	0.097185	-0.000001
865.00	0.0000001	-0.003018	0.097194	-0.000001
870.00	0.0000006	0.006361	0.097202	-0.000001
875.00	0.0000006	0.001883	0.097210	-0.000001
880.00	0.0000006	0.000236	0.097218	-0.000001
885.00	0.0000002	0.002165	0.097226	-0.000001
890.00	0.0000002	0.003051	0.097234	-0.000001
895.00	-0.0000011	0.001254	0.097242	-0.000001
900.00	-0.0000003	0.001097	0.097250	-0.000001
905.00	0.0000002	-0.000401	0.097259	-0.000001
910.00	0.0000002	0.001677	0.097267	-0.000001
915.00	0.0000007	-0.000417	0.097275	-0.000001
920.00	0.0000007	0.004194	0.097283	-0.000001
925.00	0.0000007	-0.001626	0.097291	-0.000001
930.00	0.0000002	-0.003571	0.097299	-0.000001
935.00	0.0000002	-0.000003	0.097307	-0.000001
940.00	-0.0000003	-0.000756	0.097315	-0.000001
945.00	0.0000002	-0.002552	0.097324	-0.000001
950.00	0.0000002	-0.000921	0.097332	-0.000001
955.00	0.0000007	-0.005996	0.097340	-0.000001
960.00	0.0000007	0.001894	0.097348	-0.000001
965.00	0.0000007	-0.000499	0.097356	-0.000001
970.00	0.0000007	-0.003636	0.097364	-0.000001
975.00	0.0000002	-0.001558	0.097372	-0.000001
980.00	0.0000002	0.003053	0.097380	-0.000001
985.00	0.0000007	-0.001723	0.097389	-0.000001
990.00	0.0000002	-0.000539	0.097397	-0.000001
995.00	0.0000002	0.005711	0.097405	-0.000001
1000.00	0.0000007	0.000041	0.097413	-0.000001
1005.00	0.0000008	0.003013	0.097421	-0.000001
1010.00	0.0000008	-0.002509	0.097429	-0.000001
1015.00	0.0000008	-0.000729	0.097437	-0.000001
1020.00	0.0000003	0.000157	0.097445	-0.000001
1025.00	0.0000003	0.000447	0.097454	-0.000001
1030.00	0.0000003	-0.000306	0.097462	-0.000001
1035.00	0.0000003	-0.002251	0.097470	-0.000001
1040.00	0.0000003	0.000572	0.097478	-0.000001
1045.00	0.0000008	0.000713	0.097486	-0.000001
1050.00	0.0000008	-0.000786	0.097494	-0.000001
1055.00	0.0000008	0.000249	0.097502	-0.000001
1060.00	0.0000008	-0.002441	0.097511	-0.000001
1065.00	0.0000003	0.000829	0.097519	-0.000001
1070.00	0.0000003	-0.001712	0.097527	-0.000001
1075.00	-0.0000002	0.000664	0.097535	-0.000001
1080.00	0.0000003	-0.003666	0.097543	-0.000001
1085.00	0.0000003	-0.000694	0.097551	-0.000001
1090.00	0.0000008	-0.004874	0.097559	-0.000001
1095.00	0.0000013	0.002419	0.097567	-0.000001
1100.00	0.0000008	-0.002655	0.097576	-0.000001
1105.00	0.0000004	-0.006483	0.097678	-0.000001
1110.00	0.0000004	-0.003064	0.097687	-0.000001
1115.00	0.0000004	0.000057	0.097695	-0.000001
1120.00	0.0000009	-0.003229	0.097703	-0.000001
1125.00	0.0000019	-0.002493	0.097711	-0.000001
1130.00	0.0000029	-0.006226	0.097719	-0.000001
1135.00	0.0000019	0.001216	0.097727	-0.000001
1140.00	0.0000009	-0.003113	0.097735	-0.000001
1145.00	0.0000009	-0.007740	0.097743	-0.000001
1150.00	0.0000004	-0.004321	0.097752	-0.000001
1155.00	0.0000004	-0.003286	0.097760	-0.000001
1160.00	0.0000004	-0.001059	0.097768	-0.000001
1165.00	-0.0000001	-0.002409	0.097776	-0.000001
1170.00	0.0000009	-0.004801	0.097784	-0.000001
1175.00	0.0000014	-0.002574	0.097792	-0.000001
1180.00	0.0000014	0.001292	0.097800	-0.000001
1185.00	0.0000019	-0.003335	0.097809	-0.000001
1190.00	0.0000010	0.000084	0.097817	-0.000001
1195.00	0.0000005	-0.001116	0.097825	-0.000001
1200.00	0.0000005	-0.002763	0.097833	-0.000001
