Bentham+Kilukarp+B487 datafile
2024-11-14 17:16:11
Slits: 1.000
Avg: 1
Comment: Testskaneerimine slot 2_0 (g')

00:00:03	-0.000001	0.094473	23.6	-1.6	4.5
00:02:06	-0.000001	0.092238	23.6	-1.6	4.5

nm	b487	kilu
300.00	0.0000000	-0.000710	0.094289	-0.000001
305.00	-0.0000005	0.003770	0.094280	-0.000001
310.00	-0.0000005	0.001097	0.094270	-0.000001
315.00	0.0000000	0.003591	0.094161	-0.000001
320.00	0.0000005	0.004792	0.094151	-0.000001
325.00	0.0000005	0.004653	0.094142	-0.000001
330.00	0.0000005	0.004215	0.094133	-0.000001
335.00	0.0000000	0.002734	0.094123	-0.000001
340.00	0.0000000	0.001999	0.094114	-0.000001
345.00	-0.0000005	0.004988	0.094104	-0.000001
350.00	-0.0000012	0.005445	0.094095	-0.000001
355.00	0.0000000	0.003219	0.094086	-0.000001
360.00	0.0000000	0.007997	0.094076	-0.000001
365.00	0.0000005	0.003387	0.094067	-0.000001
370.00	0.0000005	0.003992	0.094058	-0.000001
375.00	0.0000005	0.008025	0.094048	-0.000001
380.00	0.0000002	0.007438	0.094039	-0.000001
385.00	0.0000000	0.003871	0.094029	-0.000001
390.00	0.0000020	0.006563	0.094020	-0.000001
395.00	0.0006703	0.005827	0.094011	-0.000001
400.00	0.0150032	0.202414	0.093970	-0.000001
405.00	0.0193262	0.003195	0.093961	-0.000001
410.00	0.0232780	-0.000372	0.093951	-0.000001
415.00	0.0276558	0.006343	0.093942	-0.000001
420.00	0.0321184	0.008140	0.093933	-0.000001
425.00	0.0364065	0.002636	0.093923	-0.000001
430.00	0.0419180	0.002646	0.093914	-0.000001
435.00	0.0444421	0.007423	0.093904	-0.000001
440.00	0.0461489	0.001472	0.093895	-0.000001
445.00	0.0472701	0.001035	0.093886	-0.000001
450.00	0.0494005	0.002832	0.093876	-0.000001
455.00	0.0530707	0.004332	0.093867	-0.000001
460.00	0.0594617	0.005384	0.093858	-0.000001
465.00	0.0678785	0.003009	0.093848	-0.000001
470.00	0.0762904	0.003615	0.093839	-0.000001
475.00	0.0835435	0.004369	0.093829	-0.000001
480.00	0.0918160	0.201378	0.093814	-0.000001
485.00	0.0980626	0.004394	0.093804	-0.000001
490.00	0.1038134	0.006043	0.093795	-0.000001
495.00	0.1103079	0.006499	0.093786	-0.000001
500.00	0.1163562	0.004869	0.093776	-0.000001
505.00	0.1193803	0.007561	0.093767	-0.000001
510.00	0.1269655	0.003249	0.093757	-0.000001
515.00	0.1295434	0.005047	0.093748	-0.000001
520.00	0.1358148	0.008930	0.093739	-0.000001
525.00	0.1383680	0.007002	0.093729	-0.000001
530.00	0.1450607	-0.002078	0.093720	-0.000001
535.00	0.1492747	0.001210	0.093711	-0.000001
540.00	0.1519022	0.005392	0.093701	-0.000001
545.00	0.1505637	0.002868	0.093692	-0.000001
550.00	0.1567607	-0.000848	0.093682	-0.000001
555.00	0.0865609	0.002886	0.093673	-0.000001
560.00	0.0109643	0.193637	0.093657	-0.000001
565.00	0.0015256	0.202891	0.093642	-0.000001
570.00	0.0004494	0.001735	0.093632	-0.000001
575.00	0.0001496	0.003831	0.093623	-0.000001
580.00	0.0000479	0.005330	0.093614	-0.000001
585.00	0.0000219	0.005786	0.093604	-0.000001
590.00	0.0000130	0.006243	0.093595	-0.000001
595.00	0.0000070	0.003123	0.093586	-0.000001
600.00	0.0000035	0.003877	0.093576	-0.000001
605.00	0.0000020	0.003589	0.093567	-0.000001
610.00	0.0000015	0.006131	0.093557	-0.000001
615.00	0.0000010	0.001372	0.093548	-0.000001
620.00	0.0000010	0.002574	0.093539	-0.000001
625.00	0.0000010	0.002434	0.093529	-0.000001
630.00	0.0000012	0.003934	0.093520	-0.000001
635.00	0.0000015	0.002900	0.093511	-0.000001
640.00	0.0000010	0.001866	0.093501	-0.000001
645.00	0.0000005	0.005005	0.093492	-0.000001
650.00	0.0000005	0.005312	0.093482	-0.000001
655.00	0.0000000	0.007855	0.093473	-0.000001
660.00	0.0000000	0.006374	0.093464	-0.000001
665.00	0.0000000	0.004446	0.093454	-0.000001
670.00	0.0000002	0.003562	0.093445	-0.000001
675.00	0.0000005	0.008041	0.093435	-0.000001
680.00	0.0000005	0.003729	0.093426	-0.000001
685.00	0.0000005	0.006421	0.093417	-0.000001
690.00	0.0000002	0.001811	0.093407	-0.000001
695.00	0.0000000	0.004652	0.093398	-0.000001
700.00	0.0000000	0.005580	0.093364	-0.000001
705.00	0.0000000	0.008868	0.093354	-0.000001
710.00	0.0000005	0.005152	0.093345	-0.000001
715.00	0.0000005	0.005906	0.093335	-0.000001
720.00	0.0000005	0.005618	0.093326	-0.000001
725.00	0.0000002	0.010395	0.093317	-0.000001
730.00	0.0000000	0.002954	0.093307	-0.000001
735.00	0.0000000	0.004007	0.093298	-0.000001
740.00	0.0000000	0.004314	0.093289	-0.000001
745.00	0.0000015	0.007304	0.093279	-0.000001
750.00	0.0000050	0.007313	0.093270	-0.000001
755.00	0.0000040	0.006279	0.093260	-0.000001
760.00	0.0000017	0.006140	0.093251	-0.000001
765.00	0.0000010	0.007639	0.093242	-0.000001
770.00	0.0000005	0.011523	0.093232	-0.000001
775.00	0.0000005	0.004380	0.093223	-0.000001
780.00	0.0000000	0.007518	0.093214	-0.000001
785.00	0.0000000	0.002610	0.093204	-0.000001
790.00	0.0000000	0.005600	0.093195	-0.000001
795.00	0.0000000	0.005758	0.093185	-0.000001
800.00	0.0000005	0.009195	0.093176	-0.000001
805.00	0.0000005	0.012632	0.093167	-0.000001
810.00	0.0000005	0.008916	0.093157	-0.000001
815.00	0.0000000	0.010117	0.093148	-0.000001
820.00	0.0000000	0.007146	0.093139	-0.000001
825.00	-0.0000005	0.004920	0.093129	-0.000001
830.00	-0.0000005	0.004185	0.093120	-0.000001
835.00	0.0000000	0.007770	0.093110	-0.000001
840.00	0.0000000	0.003757	0.093101	-0.000001
845.00	0.0000005	0.008087	0.093092	-0.000001
850.00	0.0000005	0.006458	0.093082	-0.000001
855.00	0.0000005	0.004828	0.093073	-0.000001
860.00	0.0000005	0.009904	0.093063	-0.000001
865.00	0.0000020	0.010360	0.093054	-0.000001
870.00	0.0000020	0.006644	0.093045	-0.000001
875.00	0.0000005	0.004418	0.093035	-0.000001
880.00	0.0000005	0.010984	0.093026	-0.000001
885.00	0.0000010	0.010695	0.093017	-0.000001
890.00	0.0000015	0.008619	0.093007	-0.000001
895.00	0.0000015	0.006840	0.092998	-0.000001
900.00	0.0000015	0.006849	0.092988	-0.000001
905.00	0.0000012	0.009094	0.092979	-0.000001
910.00	0.0000005	0.005080	0.092970	-0.000001
915.00	-0.0000005	0.007026	0.092960	-0.000001
920.00	-0.0000005	0.012549	0.092951	-0.000001
925.00	-0.0000010	0.009280	0.092942	-0.000001
930.00	0.0000005	0.006310	0.092932	-0.000001
935.00	0.0000005	0.007809	0.092923	-0.000001
940.00	0.0000005	0.006626	0.092913	-0.000001
945.00	0.0000005	0.005742	0.092904	-0.000001
950.00	0.0000000	0.004857	0.092895	-0.000001
955.00	0.0000000	0.006654	0.092885	-0.000001
960.00	-0.0000005	0.003088	0.092876	-0.000001
965.00	-0.0000005	0.006226	0.092867	-0.000001
970.00	0.0000000	0.004447	0.092857	-0.000001
975.00	0.0000005	0.005202	0.092848	-0.000001
980.00	0.0000007	0.000443	0.092838	-0.000001
985.00	0.0000005	0.005519	0.092829	-0.000001
990.00	0.0000005	0.008210	0.092820	-0.000001
995.00	0.0000000	0.004792	0.092810	-0.000001
1000.00	0.0000000	0.007037	0.092801	-0.000001
1005.00	-0.0000005	0.005109	0.092792	-0.000001
1010.00	0.0000000	0.005864	0.092782	-0.000001
1015.00	0.0000000	0.006022	0.092773	-0.000001
1020.00	0.0000005	0.001561	0.092763	-0.000001
1025.00	0.0000005	0.012895	0.092754	-0.000001
1030.00	-0.0000002	0.005901	0.092745	-0.000001
1035.00	0.0000010	0.005910	0.092735	-0.000001
1040.00	0.0000007	0.005324	0.092726	-0.000001
1045.00	0.0000005	0.003992	0.092716	-0.000001
1050.00	0.0000005	0.006088	0.092707	-0.000001
1055.00	0.0000010	0.001180	0.092698	-0.000001
1060.00	0.0000020	0.007745	0.092688	-0.000001
1065.00	0.0000020	0.005669	0.092679	-0.000001
1070.00	0.0000020	0.004635	0.092670	-0.000001
1075.00	0.0000017	0.005240	0.092660	-0.000001
1080.00	0.0000010	0.005995	0.092651	-0.000001
1085.00	0.0000007	0.005259	0.092641	-0.000001
1090.00	0.0000005	0.005567	0.092632	-0.000001
1095.00	0.0000005	0.009152	0.092623	-0.000001
1100.00	0.0000010	0.007671	0.092613	-0.000001
1105.00	0.0000025	0.007045	0.092495	-0.000001
1110.00	0.0000025	0.004223	0.092485	-0.000001
1115.00	0.0000027	0.003041	0.092476	-0.000001
1120.00	0.0000035	0.006477	0.092466	-0.000001
1125.00	0.0000045	0.006785	0.092457	-0.000001
1130.00	0.0000060	0.006347	0.092448	-0.000001
1135.00	0.0000075	0.008443	0.092438	-0.000001
1140.00	0.0000105	0.004876	0.092429	-0.000001
1145.00	0.0000140	0.004140	0.092420	-0.000001
1150.00	0.0000189	0.006534	0.092410	-0.000001
1155.00	0.0000254	0.009672	0.092401	-0.000001
1160.00	0.0000319	0.004019	0.092391	-0.000001
1165.00	0.0000374	0.009542	0.092382	-0.000001
1170.00	0.0000406	0.009402	0.092373	-0.000001
1175.00	0.0000359	0.004345	0.092363	-0.000001
1180.00	0.0000234	0.006441	0.092354	-0.000001
1185.00	0.0000257	0.007046	0.092344	-0.000001
1190.00	0.0000349	0.006907	0.092335	-0.000001
1195.00	0.0000558	0.003936	0.092326	-0.000001
1200.00	0.0001052	0.005137	0.092316	-0.000001
