3800.0 -8.959369260404067e-06
3810.0 -6.04078392115914e-05
3820.0 -5.832701457342121e-05
3830.0 -6.432005660164981e-05
3840.0 -6.211662396148769e-05
3850.0 -6.004112817279837e-05
3860.0 -6.528693608408957e-05
3870.0 -5.6083676845854014e-05
3880.0 -4.068486184099e-05
3890.0 6.557205056916539e-06
3900.0 8.248469274451952e-05
3910.0 0.00022721829537150192
3920.0 0.000493310589535872
3930.0 0.0011106059995741719
3940.0 0.004257690592955862
3950.0 0.038008649127258785
3960.0 0.23879956678927017
3970.0 0.47610643703692435
3980.0 0.6366099794430947
3990.0 0.7915853838852615
4000.0 0.8775604766936581
4010.0 0.9065763400241282
4020.0 0.9249209694415175
4030.0 0.9398874258207472
4040.0 0.9480070776221949
4050.0 0.9532266514263943
4060.0 0.9528077674195806
4070.0 0.9518071215294799
4080.0 0.9584275908426944
4090.0 0.9675704876477799
4100.0 0.9661201529437672
4110.0 0.9579423508134631
4120.0 0.9602820555114037
4130.0 0.9754012288485087
4140.0 0.9854774563865345
4150.0 0.9820731590407976
4160.0 0.9748292579119922
4170.0 0.9770002715739651
4180.0 0.9861525733501524
4190.0 0.99309751369626
4200.0 0.9933025596984661
4210.0 0.9917741373300802
4220.0 0.9924425694697915
4230.0 0.9930328286936071
4240.0 0.990614515535475
4250.0 0.9878060906745377
4260.0 0.988429486852963
4270.0 0.9924876216493085
4280.0 0.9950465476372534
4290.0 0.9929232431526148
4300.0 0.9890238355167394
4310.0 0.9890308784458661
4320.0 0.9944624506366081
4330.0 1.000774465881816
4340.0 1.0013558923643455
4350.0 0.9959340635599628
4360.0 0.9902445093189819
4370.0 0.9905194586566142
4380.0 0.9964040279969081
4390.0 1.0019307132901292
4400.0 1.0026408764107535
4410.0 0.9984126488141737
4420.0 0.9938652213368472
4430.0 0.9935392529026993
4440.0 0.9962246439339127
4450.0 0.9985554462122741
4460.0 0.9979637647277901
4470.0 0.9957818371817286
4480.0 0.994666687925509
4490.0 0.9966928017596269
4500.0 1.0006624250619436
4510.0 1.0027711048114876
4520.0 1.0013641473126678
4530.0 0.9974466314094331
4540.0 0.9947105749783832
4550.0 0.9955980864708129
4560.0 0.99938960879957
4570.0 1.0028025114948116
4580.0 1.0032176374704653
4590.0 0.9999304150740832
4600.0 0.9957288222114169
4610.0 0.9947355483633086
4620.0 0.9971140081956638
4630.0 1.0015003975604313
4640.0 1.0040639484113656
4650.0 1.0022801752929265
4660.0 0.9977738807567138
4670.0 0.993804794738891
4680.0 0.9936296781429682
4690.0 0.9975125958052437
4700.0 1.0028568673916243
4710.0 1.0064978218446559
4720.0 1.0061138610850977
4730.0 1.001929521197305
4740.0 0.9969117418174029
4750.0 0.9944543842654358
4760.0 0.995785212820805
4770.0 1.0001939965280162
4780.0 1.0049708271988658
4790.0 1.0061069078965013
4800.0 1.004564241701955
4810.0 1.0010389415704675
4820.0 0.998317208289596
4830.0 0.9980405889568565
4840.0 1.000318633571393
4850.0 1.002240576615793
4860.0 1.003089661509768
4870.0 1.0017431167080573
4880.0 0.9994726364850034
4890.0 0.9970271135130266
4900.0 0.997136132507911
4910.0 0.999249598425074
4920.0 1.0021698802120895
4930.0 1.0044219558001828
4940.0 1.0043691108655224
4950.0 1.002653079153123
4960.0 1.0001591606060976
4970.0 0.9988704777138883
4980.0 1.0004902211536821
4990.0 1.0036586179323785
5000.0 1.006973374691736
5010.0 1.0077844624119896
5020.0 1.0048844503719627
5030.0 0.9992342963550063
5040.0 0.9924997315276922
5050.0 0.9881272889082388
5060.0 0.9879155517041073
5070.0 0.9925551185625503
5080.0 0.9999118218082617
5090.0 1.0060591334278446
5100.0 1.0089018196784503
5110.0 1.006285916256848
5120.0 1.0001828854026464
5130.0 0.9935959638074469
5140.0 0.9894327882761854
5150.0 0.9897079903648642
5160.0 0.9937237235033861
5170.0 0.9996621333801298
5180.0 1.0045117336884308
5190.0 1.0053846844098275
5200.0 1.0013339464781603
5210.0 0.9937293692000204
5220.0 0.9862144224731775
5230.0 0.9816123748354131
5240.0 0.9817770609846315
5250.0 0.9862727996663001
5260.0 0.993426285676702
5270.0 1.0000612659589314
5280.0 1.004636822815442
5290.0 1.0051658367431486
5300.0 1.0033085835945608
5310.0 1.0000079746777397
5320.0 0.9977310662931568
5330.0 0.9974507000724337
5340.0 0.9992766028014014
5350.0 1.0017240326910364
5360.0 1.0028751369112816
5370.0 1.001766884310504
5380.0 0.9990660426656242
5390.0 0.9958917987235594
5400.0 0.9922026477112742
5410.0 0.98863699257351
5420.0 0.9841935183035103
5430.0 0.9774917731814433
5440.0 0.9681227526525129
5450.0 0.958361156069364
5460.0 0.9517669417704212
5470.0 0.9515455713126134
5480.0 0.9591605694294639
5490.0 0.9705074540867956
5500.0 0.9758869283164966
5510.0 0.9590964796145568
5520.0 0.9035747554518799
5530.0 0.8086712669229593
5540.0 0.6753397291885316
5550.0 0.5259463953685296
5560.0 0.383490726543671
5570.0 0.2593132652272765
5580.0 0.1677293817243332
5590.0 0.10457286648163919
5600.0 0.0651172480844464
5610.0 0.04132886740506731
5620.0 0.027114240551803424
5630.0 0.018092369017891914
5640.0 0.012484627478507001
5650.0 0.008930917927708486
5660.0 0.006647290546006382
5670.0 0.005084651911250534
5680.0 0.003977954212682243
5690.0 0.0031885394557185052
5700.0 0.0025826712391670043
5710.0 0.0021035267997243693
5720.0 0.001708363239898634
5730.0 0.0013660982180192798
5740.0 0.001083738604685162
5750.0 0.0008432848679240281
5760.0 0.0006621896330411692
5770.0 0.0005170636499308751
5780.0 0.0004067052652984487
5790.0 0.00032593971537150295
5800.0 0.00026511987946319223
5810.0 0.00021829223614538371
5820.0 0.00018306849966944456
5830.0 0.00015610576816233699
5840.0 0.00013416849615509877
5850.0 0.0001177032108140095
5860.0 0.0001034784942585604
5870.0 9.252798837159887e-05
5880.0 8.32259897046766e-05
5890.0 7.505068601687782e-05
5900.0 6.741327763355853e-05
5910.0 5.983382224333026e-05
5920.0 5.2806280426952115e-05
5930.0 4.633436582632814e-05
5940.0 4.095139123044572e-05
5950.0 3.5587774590222716e-05
5960.0 3.0770112247247404e-05
5970.0 2.7018507677759265e-05
5980.0 2.3285425334754452e-05
5990.0 2.061350004545541e-05
6000.0 1.8479925784618048e-05
