6450.0 -6.043026347594875e-05
6451.0 0.0
6452.0 6.044122091266244e-05
6453.0 0.0
6454.0 -6.044852807834129e-05
6455.0 -0.0
6456.0 0.0
6457.0 -6.047046018020197e-05
6458.0 -0.0
6459.0 0.0
6460.0 0.0
6461.0 -0.0
6462.0 -0.0
6463.0 -0.0
6464.0 6.051803437424352e-05
6465.0 6.0521697028384676e-05
6466.0 0.0
6467.0 6.054368226675546e-05
6468.0 6.055468087683178e-05
6469.0 6.055468087683178e-05
6470.0 6.055834796826742e-05
6471.0 6.0576690089653496e-05
6472.0 6.0576690089653496e-05
6473.0 0.00012118274357731458
6474.0 6.060238773407672e-05
6475.0 0.0
6476.0 0.00012122681537156018
6477.0 0.00012124886329190665
6478.0 6.063913649869626e-05
6479.0 6.063913649869626e-05
6480.0 6.064281382656155e-05
6481.0 6.0657527599175054e-05
6482.0 0.00012131505519835011
6483.0 0.00012133713523023721
6484.0 0.00012135185971725016
6485.0 0.00012138131941494204
6486.0 0.00012139605462822457
6487.0 6.070171178827243e-05
6488.0 0.00012142553579017667
6489.0 0.00012144765606023804
6490.0 0.0001214697843911327
6491.0 0.00012148454109214601
6492.0 6.075334143377886e-05
6493.0 0.00012152144853566654
6494.0 0.00012154360376785171
6495.0 0.00012155099064057371
6496.0 0.00012155099064057371
6497.0 0.00012156576707999026
6498.0 0.00018240408585152307
6499.0 0.00012161011796181443
6500.0 0.0001216397031991242
6501.0 0.00018250395425234214
6502.0 0.00012166930283489475
6503.0 0.00018254837531945966
6504.0 0.00018257059396299902
6505.0 0.0001825928180158247
6506.0 0.00024348672997321646
6507.0 0.00018262616424179703
6508.0 0.00024356085976983498
6509.0 0.00030458089668615983
6510.0 0.0003045994517209869
6511.0 0.0003655638822884299
6512.0 0.00042654317226250687
6513.0 0.0004266471627963674
6514.0 0.00042672518897829794
6515.0 0.00042667316835304155
6516.0 0.00048768593026091194
6517.0 0.0004878346240624428
6518.0 0.0006098676587180581
6519.0 0.0006709771867756496
6520.0 0.0007321090842535537
6521.0 0.0007322877891011167
6522.0 0.0007935539006226346
6523.0 0.0008545965083628372
6524.0 0.0010379144025886805
6525.0 0.001099102399706906
6526.0 0.0013436755634275944
6527.0 0.0015881742104941665
6528.0 0.0017107594550009163
6529.0 0.0018944023466145195
6530.0 0.0020779855763354113
6531.0 0.002567551045360068
6532.0 0.0031800391389432484
6533.0 0.0034862385321100917
6534.0 0.003914851969659897
6535.0 0.005016210925552089
6536.0 0.005935262803646821
6537.0 0.008078335373317013
6538.0 0.008996878633943326
6539.0 0.010710569802313483
6540.0 0.015306434825200515
6541.0 0.020269442743417024
6542.0 0.02566144047035767
6543.0 0.03203871600098015
6544.0 0.03761793897806641
6545.0 0.06127826459954654
6546.0 0.0917616770871644
6547.0 0.11143802868701728
6548.0 0.1489792164796763
6549.0 0.20565332025262126
6550.0 0.2733071638861629
6551.0 0.41564417177914115
6552.0 0.4531901840490798
6553.0 0.5576486469902436
6554.0 0.6946115134405303
6555.0 0.7954573357888275
6556.0 0.8629497728110033
6557.0 0.8855932203389831
6558.0 0.9156175151999018
6559.0 0.9294226044226044
6560.0 0.934451406806733
6561.0 0.9351072328396731
6562.0 0.9349723417332514
6563.0 0.9347839449259329
6564.0 0.9358706345302508
6565.0 0.937273230428633
6566.0 0.9383725936404453
6567.0 0.9408760920388828
6568.0 0.9448615384615384
6569.0 0.9492245199409157
6570.0 0.9519236688211757
6571.0 0.9540696958502648
6572.0 0.9567091569677937
6573.0 0.9582358014044597
6574.0 0.9556404411311687
6575.0 0.9529237784213445
6576.0 0.9468786590250817
6577.0 0.9287519260400616
6578.0 0.900407005426739
6579.0 0.8680769705193042
6580.0 0.8431505581940418
6581.0 0.807341147439852
6582.0 0.7231889423670246
6583.0 0.6381704833034998
6584.0 0.5877414974384297
6585.0 0.529201135942709
6586.0 0.4670865752747931
6587.0 0.37587250602260797
6588.0 0.296403855659911
6589.0 0.27196885428253614
6590.0 0.22555322042279638
6591.0 0.17748516320474775
6592.0 0.1307896852390081
6593.0 0.1065132677676749
6594.0 0.09699969068976182
6595.0 0.07802734979271085
6596.0 0.05718883456087144
6597.0 0.044326131368785986
6598.0 0.035417956656346755
6599.0 0.031273222690116426
6600.0 0.024279962836791576
6601.0 0.01852195998265502
6602.0 0.013940520446096656
6603.0 0.012518591968269708
6604.0 0.010226850130159911
6605.0 0.007688015376030752
6606.0 0.005953857603572314
6607.0 0.005023878930720089
6608.0 0.004404739748123332
6609.0 0.003908916051374325
6610.0 0.002917261498355161
6611.0 0.002297280516577673
6612.0 0.002049307582438055
6613.0 0.0018633540372670807
6614.0 0.0015529879488135174
6615.0 0.0013668841255048152
6616.0 0.0011187072715972653
6617.0 0.0010567539006651333
6618.0 0.0009326038298930614
6619.0 0.0007462222498600833
6620.0 0.0007465472191116088
6621.0 0.0006222000995520159
6622.0 0.0005600846350115127
6623.0 0.00049800796812749
6624.0 0.0004980699788320259
6625.0 0.00043591979075850045
6626.0 0.00037373863211660643
6627.0 0.00031146826138416493
6628.0 0.0003115653040877368
6629.0 0.00024934546814611643
6630.0 0.0001870674066221862
6631.0 0.0002494543186778921
6632.0 0.0001871374212463352
6633.0 0.00018718412678604853
6634.0 0.0001872542288246676
6635.0 0.0001873126873126873
6636.0 0.00012491412154144025
6637.0 0.00012492972702854644
6638.0 0.00012496094970321776
6639.0 6.249609399412537e-05
6640.0 0.00012501562695336918
6641.0 0.00012505471143625337
6642.0 6.253517603652054e-05
6643.0 0.0
6644.0 0.0
6645.0 6.258213905751299e-05
6646.0 6.259780907668232e-05
6647.0 6.261740763932373e-05
6648.0 6.264094211976948e-05
6649.0 6.264879087833605e-05
6650.0 6.266449429753102e-05
6651.0 6.267627702914446e-05
6652.0 0.0
6653.0 -0.0
6654.0 0.0
6655.0 6.27431296273058e-05
6656.0 -6.276675872457946e-05
6657.0 -6.277857994852157e-05
6658.0 0.0
6659.0 6.280618012812461e-05
6660.0 0.0
6661.0 6.285355122564425e-05
6662.0 0.0
6663.0 6.287726358148893e-05
6664.0 6.29009938357026e-05
6665.0 6.291682395872656e-05
6666.0 6.294454585510165e-05
6667.0 0.0
6668.0 0.0
6669.0 -6.298419096806701e-05
6670.0 0.0
6671.0 -0.0
6672.0 -6.305170239596469e-05
6673.0 -0.0
6674.0 0.0
6675.0 -0.0
6676.0 -0.00012625465564042673
6677.0 -6.313131313131313e-05
6678.0 -6.314725940894166e-05
6679.0 -6.317119393556538e-05
6680.0 -0.0
6681.0 0.0
6682.0 0.0
6683.0 -6.32351081320349e-05
6684.0 0.0
6685.0 -0.0
6686.0 0.0
6687.0 -0.0
6688.0 -0.0
6689.0 -0.0
6690.0 6.340752013188764e-05
6691.0 6.341556217895871e-05
6692.0 -0.0
6693.0 6.346385733324872e-05
6694.0 6.34960949901581e-05
6695.0 0.0
6696.0 0.0
6697.0 -6.354855109303507e-05
6698.0 -0.0
6699.0 -6.361727845282778e-05
6700.0 -6.361727845282778e-05
6701.0 -6.364562118126272e-05
6702.0 -0.0
6703.0 -6.369832473405949e-05
6704.0 -6.37389253617184e-05
6705.0 -6.374705169885892e-05
6706.0 -0.00012755915555839021
6707.0 -0.00012762427413694083
6708.0 -6.385696040868455e-05
6709.0 -6.387327542156361e-05
6710.0 -6.390184676337147e-05
6711.0 -6.393453104021481e-05
6712.0 -0.0
6713.0 -6.4e-05
6714.0 -0.0
6715.0 -0.0
6716.0 -0.0
6717.0 -6.411900487304436e-05
6718.0 -6.416837782340863e-05
6719.0 -6.417661404184315e-05
6720.0 -0.00012841091492776885
6721.0 -6.426735218508997e-05
6722.0 -6.430454633142563e-05
6723.0 -6.435006435006435e-05
6724.0 -6.43707756678468e-05
6725.0 -0.0001288410745345616
6726.0 -6.449948400412796e-05
6727.0 -6.456611570247934e-05
6728.0 -0.0
6729.0 -0.0
6730.0 -6.47332988089073e-05
6731.0 -0.0
6732.0 -0.0
6733.0 -0.0
6734.0 -6.457862447529868e-05
6735.0 0.0
6736.0 0.0
6737.0 -0.0
6738.0 -0.0
6739.0 0.0
6740.0 -0.0
6741.0 -6.418897233455292e-05
6742.0 -6.418073294397022e-05
6743.0 0.0
6744.0 -6.41025641025641e-05
6745.0 -0.0
6746.0 0.0
6747.0 -0.0
6748.0 -0.0
6749.0 -6.402458544080927e-05
6750.0 0.0
