351.0 -0.0001921598770176787
352.0 -0.00021061499578770007
353.0 -0.00022741629816803535
354.0 -0.00019403817701132698
355.0 -0.00018637592023110612
356.0 -0.00020147750167897918
357.0 -0.000172109633836754
358.0 -0.00016549099108417284
359.0 -0.00013925637097897227
360.0 -0.00013379972093201063
361.0 -0.00012872852992018832
362.0 -0.0001238674971687429
363.0 -0.00010221465076660988
364.0 -8.196586941197685e-05
365.0 -7.895401718039413e-05
366.0 -7.603406326034062e-05
367.0 -7.314967887290975e-05
368.0 -7.045925341375082e-05
369.0 -5.4257887740430265e-05
370.0 -5.227596481827568e-05
371.0 -5.033345916698125e-05
372.0 -4.842204655779777e-05
373.0 -3.4966665112592664e-05
374.0 -3.367419097756176e-05
375.0 -5.408036342004218e-05
376.0 -3.125065105523032e-05
377.0 -3.013500482160077e-05
378.0 -1.934179859385124e-05
379.0 -3.731621762818121e-05
380.0 -1.8005365598948486e-05
381.0 -1.736231682755747e-05
382.0 -8.380543729677181e-06
383.0 -1.6172724699793797e-05
384.0 -7.81036435349709e-06
385.0 -7.549163930094742e-06
386.0 -7.299110238461931e-06
387.0 0.0
388.0 0.0
389.0 2.638853154419089e-05
390.0 6.384024616798922e-05
391.0 0.00022859402319302605
392.0 5.978680027023634e-06
393.0 0.0
394.0 -0.0
395.0 1.0863897097166695e-05
396.0 0.0005264571016430727
397.0 0.0038974421760378723
398.0 0.00037103548583386514
399.0 0.00031187026197102
400.0 0.001207530911090576
401.0 0.012683183281855819
402.0 0.023748334285170383
403.0 0.016643912316495115
404.0 0.02183980841926099
405.0 0.030857940636474908
406.0 0.04599365349566569
407.0 0.0627707565071068
408.0 0.07028825889205763
409.0 0.09207494239054202
410.0 0.15521249808940768
411.0 0.22036944816209658
412.0 0.2591620473579563
413.0 0.35580952241900393
414.0 0.4952719388062398
415.0 0.547699654569726
416.0 0.5852620955614519
417.0 0.7052414729803059
418.0 0.8210283329117126
419.0 0.8662189860094666
420.0 0.9084365654422649
421.0 0.9618193387194695
422.0 0.9804631957320472
423.0 0.9733771273352182
424.0 0.9575867721281417
425.0 0.9263009201534116
426.0 0.901832055204906
427.0 0.9153387692965917
428.0 0.9516797032652354
429.0 0.9681519565838331
430.0 0.9636499177915542
431.0 0.9692085503603828
432.0 0.9816386003158856
433.0 0.9686422062053938
434.0 0.9397308828355759
435.0 0.9342184710415318
436.0 0.9590141127597206
437.0 0.9759643815188418
438.0 0.9602608110525285
439.0 0.9404626541739454
440.0 0.9470908382722939
441.0 0.9736138420013359
442.0 0.9883135469114226
443.0 0.9796002933778648
444.0 0.9683121882063973
445.0 0.9722381553286681
446.0 0.9860187393665084
447.0 0.9931710825652484
448.0 0.9889595530923271
449.0 0.9826762744163888
450.0 0.981650853517198
451.0 0.9844915487871645
452.0 0.986766182116338
453.0 0.9877005377833824
454.0 0.9886358791065168
455.0 0.9890842449511449
456.0 0.9887915343159999
457.0 0.9888062503383447
458.0 0.9916500526135369
459.0 0.9954975138880793
460.0 0.9952458606340369
461.0 0.9893064563655892
462.0 0.9823571022586863
463.0 0.9828852254642308
464.0 0.9900163115850427
465.0 0.995925878191634
466.0 0.9937041979000022
467.0 0.9858510513492793
468.0 0.9818469044952809
469.0 0.9863332094927096
470.0 0.9943647201114553
471.0 0.995491060831324
472.0 0.9842898380546995
473.0 0.9694410131561589
474.0 0.9630122076775998
475.0 0.9699990988638751
476.0 0.9851385847675883
477.0 0.9959801840687761
478.0 0.9940383854307699
479.0 0.9852485862419387
480.0 0.979972404299321
481.0 0.9826261695937034
482.0 0.9897045274698972
483.0 0.9932776255206076
484.0 0.9892807846168519
485.0 0.9811549399046798
486.0 0.9748735261020598
487.0 0.9741182816278948
488.0 0.9776329530330231
489.0 0.9827145628722626
490.0 0.9857122340802525
491.0 0.9884351796338146
492.0 0.9913104041774238
493.0 0.9947645914695122
494.0 0.9962417352975292
495.0 0.9940035584831854
496.0 0.9894082298648404
497.0 0.9861766105654827
498.0 0.9877650659601669
499.0 0.992698678954097
500.0 0.9952094771123667
501.0 0.9918928513097764
502.0 0.9816110449373792
503.0 0.9695252627287775
504.0 0.9640928270042194
505.0 0.9682693800523039
506.0 0.9795395440113599
507.0 0.9899374113630844
508.0 0.9894776715201498
509.0 0.9776080914252642
510.0 0.9602846655388301
511.0 0.9485372764991107
512.0 0.9488515097243047
513.0 0.9608917409645956
514.0 0.9777806376693614
515.0 0.9881603103778124
516.0 0.9862223556460018
517.0 0.9712255967674637
518.0 0.9532110698526981
519.0 0.9419366572529921
520.0 0.943293980339753
521.0 0.9549063802621738
522.0 0.9714117241979057
523.0 0.9822323724768917
524.0 0.9833495861461861
525.0 0.9765649857720687
526.0 0.9666690313955644
527.0 0.9605531159999562
528.0 0.960631463810822
529.0 0.9661402967795683
530.0 0.9727620836159135
531.0 0.9764956479486909
532.0 0.9751115066937227
533.0 0.9706131121497981
534.0 0.9670976704003108
535.0 0.9676160509703827
536.0 0.9722726735724794
537.0 0.9786920612951829
538.0 0.9831560545593034
539.0 0.9823675956741427
540.0 0.9772649568304267
541.0 0.9701131795864539
542.0 0.9655996159699621
543.0 0.9656802874186721
544.0 0.9708111495453607
545.0 0.9784431464328923
546.0 0.9851483896360759
547.0 0.9877641571532432
548.0 0.9854612859143946
549.0 0.9805681137979533
550.0 0.9764842963184569
551.0 0.9755046364500899
552.0 0.978489723127916
553.0 0.9836949014500398
554.0 0.9890466461383086
555.0 0.9914102962564028
556.0 0.9890361200279959
557.0 0.9837981415515309
558.0 0.9778015571727106
559.0 0.9743664588187286
560.0 0.9744546438169698
561.0 0.9780165705989236
562.0 0.9831025938696654
563.0 0.9878311205394731
564.0 0.99043058633521
565.0 0.9898627927222923
566.0 0.9872781525288432
567.0 0.9847184362364273
568.0 0.9838989571520211
569.0 0.9851101093332596
570.0 0.9880556793775579
571.0 0.9908204767245145
572.0 0.9916326562594447
573.0 0.9900657797425185
574.0 0.9867312328719845
575.0 0.9820994416242809
576.0 0.9785197406667148
577.0 0.9776052965268603
578.0 0.9795819756762206
579.0 0.9833368877202163
580.0 0.9878787546410297
581.0 0.9911297418208243
582.0 0.9925423573357327
583.0 0.9916856467203558
584.0 0.989114277791974
585.0 0.9866684611368765
586.0 0.9850008394850436
587.0 0.9844477668089302
588.0 0.9856576805254947
589.0 0.9870934693310324
590.0 0.9880929268005415
591.0 0.9879800607197791
592.0 0.9869463497063745
593.0 0.9848418343532274
594.0 0.9835196057834535
595.0 0.9832852487542936
596.0 0.984613596857581
597.0 0.9870547905100048
598.0 0.9897602628654675
599.0 0.9913785869443986
600.0 0.9907804104810166
601.0 0.9874325960746074
602.0 0.9816360786639414
603.0 0.9746904277384364
604.0 0.9680078522865238
605.0 0.9632195587741331
606.0 0.9609141164898534
607.0 0.9613616279977137
608.0 0.9642769078378892
609.0 0.9686762343647136
610.0 0.9728167775554096
611.0 0.9760033077118924
612.0 0.9766262620314895
613.0 0.9751022403515598
614.0 0.9714640706923183
615.0 0.967196026154115
616.0 0.963660852122956
617.0 0.9613081473634367
618.0 0.9611605026794275
619.0 0.9630171039136501
620.0 0.9663753178291319
621.0 0.9708090298296751
622.0 0.9747826511442604
623.0 0.9768908158498372
624.0 0.9772728585160371
625.0 0.9754382630255494
626.0 0.9714080578246531
627.0 0.9659394725850896
628.0 0.9599653536222074
629.0 0.9544534945100243
630.0 0.9504730591685627
631.0 0.9481185971911191
632.0 0.9480246206925241
633.0 0.9504452470965926
634.0 0.9545053005863053
635.0 0.9597560891954542
636.0 0.9649511191476058
637.0 0.9693835763740825
638.0 0.9720580668463605
639.0 0.9727104317403524
640.0 0.9712171440409061
641.0 0.9681173455641663
642.0 0.9643349512063443
643.0 0.9609838003442122
644.0 0.9585347884023587
645.0 0.9580849103333671
646.0 0.959783379640246
647.0 0.9632817184390698
648.0 0.9680116381584891
649.0 0.9733457535654632
650.0 0.9781535518639364
651.0 0.9815742749625649
652.0 0.9835837348361008
653.0 0.9837993056999172
654.0 0.983195920620216
655.0 0.9821962770349428
656.0 0.9818438627416163
657.0 0.9820032232385522
658.0 0.9832106780695865
659.0 0.9853301305760445
660.0 0.9872132833929771
661.0 0.9885238858412245
662.0 0.9882552090606741
663.0 0.9866638336235005
664.0 0.9834300810722023
665.0 0.9792437854084308
666.0 0.9750124006222155
667.0 0.971224733384656
668.0 0.9690175445233028
669.0 0.9683001686095931
670.0 0.9691059879340742
671.0 0.9710497604211189
672.0 0.9729446038432059
673.0 0.9749886410104956
674.0 0.9762689175958231
675.0 0.9767498123900942
676.0 0.9773247961886405
677.0 0.9778609648356993
678.0 0.9790962292881846
679.0 0.9815704586795745
680.0 0.984809077654089
681.0 0.988773381819474
682.0 0.9912269690430741
683.0 0.9917443297651845
684.0 0.9892817810245438
685.0 0.9825521101016402
686.0 0.9735652143968019
687.0 0.9613481050150616
688.0 0.9471783592628645
689.0 0.9299746021613927
690.0 0.9089103736087049
691.0 0.8776729109208783
692.0 0.8349063768573478
693.0 0.7753676988071472
694.0 0.7037440349412243
695.0 0.6195546936268813
696.0 0.5333760321981069
697.0 0.44984659143412425
698.0 0.3758368365231883
699.0 0.3123661588161342
700.0 0.26060335888125175
701.0 0.2189150551416217
702.0 0.182641376534514
703.0 0.15305802446701464
704.0 0.12699039692056552
705.0 0.10501481771063219
706.0 0.0853280743214394
707.0 0.06873709170025757
708.0 0.05437880230765289
709.0 0.04249219460022469
710.0 0.03347157636839695
711.0 0.026190337354746775
712.0 0.020586123929297317
713.0 0.016272969932843755
714.0 0.012972674721676456
715.0 0.01044516676381332
716.0 0.008518372736208993
717.0 0.007063494055537428
718.0 0.005869790777393977
719.0 0.004960460366180224
720.0 0.004204680051617827
721.0 0.0036151165210984715
722.0 0.0031302126758371435
723.0 0.0027066276892206424
724.0 0.0023594732635363025
725.0 0.002041557840608589
726.0 0.0017681849000612507
727.0 0.0015256333848097403
728.0 0.0012967599211790694
729.0 0.001094697127321654
730.0 0.0009094693051319735
731.0 0.0007522930633081822
732.0 0.000622230145047883
733.0 0.0005067555106115059
734.0 0.0004132408297921524
735.0 0.0003354145499845216
736.0 0.00027440436921078994
737.0 0.00022664469956501653
738.0 0.0001877149072536315
739.0 0.0001559280306819292
740.0 0.0001320411850074636
741.0 0.00011322301835881448
742.0 9.774918997105305e-05
743.0 8.570976741266356e-05
744.0 7.655260530995603e-05
745.0 6.84832668474951e-05
746.0 6.279357535536855e-05
747.0 6.01137699576167e-05
748.0 5.5524639214619575e-05
749.0 5.339246286868281e-05
750.0 5.1857576328660666e-05
