Bentham+Kilukarp+B487 datafile
2024-11-14 16:56:10
Slits: 1.000
Avg: 1
Comment: Testskaneerimine slot 0_5 (exoBB)

00:00:03	-0.000001	0.105798	23.5	-1.6	4.5
00:02:06	-0.000001	0.097454	23.5	-1.6	4.5

nm	b487	kilu
300.00	0.0000010	-0.008103	0.105110	-0.000001
305.00	0.0000007	-0.004492	0.105075	-0.000001
310.00	0.0000005	-0.004904	0.105040	-0.000001
315.00	-0.0000000	-0.007029	0.104631	-0.000001
320.00	0.0000005	-0.007590	0.104596	-0.000001
325.00	0.0000010	-0.005617	0.104561	-0.000001
330.00	0.0000010	-0.007520	0.104526	-0.000001
335.00	0.0000010	-0.003163	0.104491	-0.000001
340.00	0.0000010	0.000150	0.104456	-0.000001
345.00	0.0000010	-0.005030	0.104421	-0.000001
350.00	0.0000010	-0.006634	0.104386	-0.000001
355.00	0.0000015	-0.004960	0.104351	-0.000001
360.00	0.0000019	-0.005670	0.104316	-0.000001
365.00	0.0000024	-0.009212	0.104281	-0.000001
370.00	0.0000029	-0.004557	0.104246	-0.000001
375.00	0.0000034	-0.000648	0.104211	-0.000001
380.00	0.0000039	-0.005381	0.104176	-0.000001
385.00	0.0000044	-0.005942	0.104141	-0.000001
390.00	0.0000049	-0.008441	0.104106	-0.000001
395.00	0.0000059	-0.007362	0.104071	-0.000001
400.00	0.0000064	-0.006936	0.103943	-0.000001
405.00	0.0000074	-0.006603	0.103908	-0.000001
410.00	0.0000074	-0.003290	0.103873	-0.000001
415.00	0.0000094	-0.006235	0.103838	-0.000001
420.00	0.0000109	-0.002922	0.103803	-0.000001
425.00	0.0000124	-0.004228	0.103768	-0.000001
430.00	0.0000149	-0.005683	0.103732	-0.000001
435.00	0.0000146	-0.006840	0.103698	-0.000001
440.00	0.0000164	-0.000695	0.103662	-0.000001
445.00	0.0000164	-0.003343	0.103627	-0.000001
450.00	0.0000169	-0.005394	0.103592	-0.000001
455.00	0.0000179	-0.007445	0.103557	-0.000001
460.00	0.0000199	-0.004132	0.103522	-0.000001
465.00	0.0000229	0.001417	0.103487	-0.000001
470.00	0.0000261	-0.004956	0.103452	-0.000001
475.00	0.0000323	-0.005517	0.103417	-0.000001
480.00	0.0001550	-0.006376	0.103382	-0.000001
485.00	0.0031216	-0.007086	0.103347	-0.000001
490.00	0.0219075	0.194734	0.103289	-0.000001
495.00	0.0552782	-0.005800	0.103254	-0.000001
500.00	0.0822603	-0.004275	0.103219	-0.000001
505.00	0.0987566	0.193075	0.103161	-0.000001
510.00	0.1089445	-0.004182	0.103126	-0.000001
515.00	0.1160090	-0.004743	0.103091	-0.000001
520.00	0.1216111	-0.005304	0.103056	-0.000001
525.00	0.1265935	-0.002736	0.103021	-0.000001
530.00	0.1310802	-0.006724	0.102986	-0.000001
535.00	0.1353933	-0.002964	0.102951	-0.000001
540.00	0.1392850	-0.002482	0.102916	-0.000001
545.00	0.1431024	-0.007066	0.102881	-0.000001
550.00	0.1467462	0.000271	0.102846	-0.000001
555.00	0.1498695	-0.004612	0.102811	-0.000001
560.00	0.1530176	-0.001150	0.102776	-0.000001
565.00	0.1558187	-0.003201	0.102740	-0.000001
570.00	0.1582975	-0.006295	0.102705	-0.000001
575.00	0.1606771	-0.002833	0.102670	-0.000001
580.00	0.1627593	-0.004288	0.102635	-0.000001
585.00	0.1644449	0.000516	0.102600	-0.000001
590.00	0.1659322	-0.004367	0.102565	-0.000001
595.00	0.1671716	-0.005822	0.102530	-0.000001
600.00	0.1681879	-0.004893	0.102495	-0.000001
605.00	0.1690307	-0.005007	0.102460	-0.000001
610.00	0.1695512	-0.008101	0.102425	-0.000001
615.00	0.1698735	-0.003298	0.102390	-0.000001
620.00	0.1699974	-0.003710	0.102355	-0.000001
625.00	0.1698983	-0.008443	0.102320	-0.000001
630.00	0.1696008	-0.006173	0.102285	-0.000001
635.00	0.1690555	-0.003605	0.102250	-0.000001
640.00	0.1683118	-0.000738	0.102215	-0.000001
645.00	0.1673947	-0.003088	0.102180	-0.000001
650.00	0.1662048	-0.004990	0.102145	-0.000001
655.00	0.1647919	-0.008382	0.102110	-0.000001
660.00	0.1633294	-0.007602	0.102075	-0.000001
665.00	0.1615447	-0.004587	0.102040	-0.000001
670.00	0.1590411	-0.002465	0.102005	-0.000001
675.00	0.1590907	-0.004815	0.101970	-0.000001
680.00	0.1689067	-0.008207	0.101935	-0.000001
685.00	0.1749550	-0.002956	0.101900	-0.000001
690.00	0.1784749	-0.001878	0.101865	-0.000001
695.00	0.1800118	-0.001843	0.101830	-0.000001
700.00	0.1768141	-0.001715	0.101702	-0.000001
705.00	0.1763927	-0.004660	0.101667	-0.000001
710.00	0.1744097	-0.003880	0.101632	-0.000001
715.00	0.1714351	-0.003845	0.101597	-0.000001
720.00	0.1676177	-0.003959	0.101562	-0.000001
725.00	0.1634534	-0.006457	0.101527	-0.000001
730.00	0.1591650	-0.002250	0.101492	-0.000001
735.00	0.1545296	-0.006238	0.101457	-0.000001
740.00	0.1498199	-0.005458	0.101422	-0.000001
745.00	0.1450110	-0.003039	0.101387	-0.000001
750.00	0.1402269	-0.004196	0.101352	-0.000001
755.00	0.1354428	-0.007588	0.101317	-0.000001
760.00	0.1299895	-0.008298	0.101282	-0.000001
765.00	0.1256515	-0.001856	0.101247	-0.000001
770.00	0.1213136	-0.005099	0.101212	-0.000001
775.00	0.1167031	-0.002233	0.101177	-0.000001
780.00	0.1125387	-0.000708	0.101142	-0.000001
785.00	0.1085230	-0.000077	0.101107	-0.000001
790.00	0.1045817	-0.001234	0.101072	-0.000001
795.00	0.1011609	-0.002391	0.101037	-0.000001
800.00	0.0979633	-0.006379	0.101002	-0.000001
805.00	0.0951374	-0.006046	0.100967	-0.000001
810.00	0.0926586	-0.003478	0.100931	-0.000001
815.00	0.0905269	-0.008211	0.100897	-0.000001
820.00	0.0889404	-0.007878	0.100861	-0.000001
825.00	0.0878250	-0.004714	0.100826	-0.000001
830.00	0.0872052	-0.004679	0.100791	-0.000001
835.00	0.0870565	-0.003303	0.100756	-0.000001
840.00	0.0875523	-0.002076	0.100721	-0.000001
845.00	0.0885438	-0.000849	0.100686	-0.000001
850.00	0.0899815	-0.003049	0.100651	-0.000001
855.00	0.0919646	-0.001673	0.100616	-0.000001
860.00	0.0943938	-0.001638	0.100581	-0.000001
865.00	0.0970213	-0.005179	0.100546	-0.000001
870.00	0.1001694	0.000519	0.100511	-0.000001
875.00	0.1036149	-0.003917	0.100476	-0.000001
880.00	0.1072836	-0.003435	0.100441	-0.000001
885.00	0.1110514	-0.004741	0.100406	-0.000001
890.00	0.1149679	-0.003663	0.100371	-0.000001
895.00	0.1190083	0.001886	0.100336	-0.000001
900.00	0.1229992	-0.001656	0.100301	-0.000001
905.00	0.1271140	0.000168	0.100266	-0.000001
910.00	0.1310553	-0.004119	0.100231	-0.000001
915.00	0.1348975	-0.002594	0.100196	-0.000001
920.00	0.1387148	-0.003006	0.100161	-0.000001
925.00	0.1421356	-0.005504	0.100126	-0.000001
930.00	0.1455315	-0.001893	0.100091	-0.000001
935.00	0.1477873	-0.003050	0.100056	-0.000001
940.00	0.1509105	-0.001524	0.100021	-0.000001
945.00	0.1530919	-0.002533	0.099986	-0.000001
950.00	0.1559673	-0.001752	0.099951	-0.000001
955.00	0.1587436	-0.000972	0.099916	-0.000001
960.00	0.1611976	0.002043	0.099881	-0.000001
965.00	0.1629575	0.001333	0.099846	-0.000001
970.00	0.1642465	0.001666	0.099811	-0.000001
975.00	0.1650149	0.003042	0.099776	-0.000001
980.00	0.1653372	-0.000797	0.099741	-0.000001
985.00	0.1650645	0.000132	0.099706	-0.000001
990.00	0.1641226	-0.002664	0.099671	-0.000001
995.00	0.1624618	-0.000543	0.099636	-0.000001
1000.00	0.1599830	-0.000508	0.099601	-0.000001
1005.00	0.1568349	0.002358	0.099566	-0.000001
1010.00	0.1526953	-0.000140	0.099531	-0.000001
1015.00	0.1479360	-0.006215	0.099496	-0.000001
1020.00	0.1420860	-0.000666	0.099461	-0.000001
1025.00	0.1353436	0.000114	0.099426	-0.000001
1030.00	0.1277585	-0.000447	0.099391	-0.000001
1035.00	0.1194545	-0.003392	0.099356	-0.000001
1040.00	0.1104564	0.000964	0.099321	-0.000001
1045.00	0.1010865	-0.000789	0.099286	-0.000001
1050.00	0.0917166	-0.001946	0.099251	-0.000001
1055.00	0.0823467	-0.004445	0.099216	-0.000001
1060.00	0.0723324	0.000806	0.099181	-0.000001
1065.00	0.0639044	-0.001692	0.099146	-0.000001
1070.00	0.0573636	0.198191	0.099087	-0.000001
1075.00	0.0511469	0.002722	0.099052	-0.000001
1080.00	0.0453887	-0.002160	0.099017	-0.000001
1085.00	0.0400840	-0.001678	0.098982	-0.000001
1090.00	0.0351904	-0.000302	0.098947	-0.000001
1095.00	0.0306780	0.004353	0.098912	-0.000001
1100.00	0.0266041	0.001109	0.098877	-0.000001
1105.00	0.0535887	-0.002321	0.098434	-0.000001
1110.00	0.0484883	-0.002286	0.098399	-0.000001
1115.00	0.0433156	-0.000612	0.098364	-0.000001
1120.00	0.0383946	-0.005346	0.098329	-0.000001
1125.00	0.0338299	0.001693	0.098294	-0.000001
1130.00	0.0297610	0.000387	0.098259	-0.000001
1135.00	0.0251864	-0.000025	0.098224	-0.000001
1140.00	0.0221192	0.003139	0.098189	-0.000001
1145.00	0.0185237	0.004366	0.098154	-0.000001
1150.00	0.0153194	0.001570	0.098119	-0.000001
1155.00	0.0123868	0.001307	0.098084	-0.000001
1160.00	0.0096858	0.000150	0.098049	-0.000001
1165.00	0.0072789	0.002122	0.098014	-0.000001
1170.00	0.0052645	0.199621	0.097955	-0.000001
1175.00	0.0031280	0.004153	0.097920	-0.000001
1180.00	0.0013548	0.004486	0.097885	-0.000001
1185.00	0.0009111	0.004223	0.097850	-0.000001
1190.00	0.0006910	0.002767	0.097815	-0.000001
1195.00	0.0005372	0.000716	0.097780	-0.000001
1200.00	0.0004176	0.004030	0.097745	-0.000001
