Bentham+Kilukarp+B487 datafile
2024-11-15 22:16:50
Slits: 1.000
Avg: 50
Comment: u' referents slot 0_0 (tyhi)

00:00:11	-0.000001	0.101978	24.0	-1.5	4.3
00:03:26	-0.000001	0.102356	24.0	-1.5	4.3
00:06:38	-0.000001	0.103369	24.0	-1.5	4.3
00:09:50	-0.000001	0.102213	24.0	-1.5	4.3
00:13:03	0.000000	0.102231	24.0	-1.5	4.3
00:16:15	0.000000	0.101307	24.0	-1.5	4.3
00:19:29	0.000000	0.103384	24.0	-1.5	4.3
00:20:01	0.000000	0.104767	24.0	-1.5	4.3

nm	b487	kilu
300.00	0.0012746	0.000345	0.102008	-0.000001
301.00	0.0013058	0.000995	0.102026	-0.000001
302.00	0.0013377	-0.000247	0.102043	-0.000001
303.00	0.0013677	0.000415	0.102061	-0.000001
304.00	0.0013985	0.000120	0.102078	-0.000001
305.00	0.0014297	0.001885	0.102095	-0.000001
306.00	0.0014611	0.001525	0.102113	-0.000001
307.00	0.0014914	0.000393	0.102130	-0.000001
308.00	0.0015216	0.000456	0.102148	-0.000001
309.00	0.0015524	0.001076	0.102165	-0.000001
310.00	0.0015832	0.000123	0.102182	-0.000001
311.00	0.0005311	0.000724	0.102211	-0.000001
312.00	0.0005642	-0.000489	0.102228	-0.000001
313.00	0.0005975	0.000713	0.102245	-0.000001
314.00	0.0006320	-0.000458	0.102263	-0.000001
315.00	0.0006680	-0.000881	0.102280	-0.000001
316.00	0.0007053	-0.000892	0.102298	-0.000001
317.00	0.0007447	-0.000376	0.102315	-0.000001
318.00	0.0007859	-0.000435	0.102332	-0.000001
319.00	0.0008282	-0.000585	0.102410	-0.000001
320.00	0.0008722	-0.001294	0.102458	-0.000001
321.00	0.0009181	-0.000208	0.102505	-0.000001
322.00	0.0009661	-0.000187	0.102552	-0.000001
323.00	0.0010163	0.001161	0.102599	-0.000001
324.00	0.0010684	0.000822	0.102646	-0.000001
325.00	0.0011232	0.002116	0.102693	-0.000001
326.00	0.0011792	0.000948	0.102740	-0.000001
327.00	0.0012391	0.000040	0.102787	-0.000001
328.00	0.0013007	0.000452	0.102834	-0.000001
329.00	0.0013657	0.001075	0.102881	-0.000001
330.00	0.0014328	0.001043	0.102928	-0.000001
331.00	0.0015030	0.001774	0.102976	-0.000001
332.00	0.0015762	0.000997	0.103023	-0.000001
333.00	0.0016531	-0.000338	0.103070	-0.000001
334.00	0.0017323	-0.000206	0.103117	-0.000001
335.00	0.0018167	0.000259	0.103164	-0.000001
336.00	0.0019026	0.000716	0.103211	-0.000001
337.00	0.0019934	-0.001325	0.103258	-0.000001
338.00	0.0020868	-0.000725	0.103305	-0.000001
339.00	0.0021834	-0.001073	0.103307	-0.000001
340.00	0.0022851	-0.001354	0.103254	-0.000001
341.00	0.0023912	-0.000293	0.103200	-0.000001
342.00	0.0024997	0.000709	0.103146	-0.000001
343.00	0.0026129	0.001108	0.103093	-0.000001
344.00	0.0027324	0.001099	0.103039	-0.000001
345.00	0.0028537	0.000500	0.102985	-0.000001
346.00	0.0029800	-0.001192	0.102932	-0.000001
347.00	0.0031115	-0.000927	0.102878	-0.000001
348.00	0.0032471	0.000062	0.102824	-0.000001
349.00	0.0033875	0.000420	0.102771	-0.000001
350.00	0.0035330	0.000870	0.102717	-0.000001
351.00	0.0036821	0.000241	0.102663	-0.000001
352.00	0.0038385	-0.000137	0.102610	-0.000001
353.00	0.0039989	-0.000060	0.102556	-0.000001
354.00	0.0041649	-0.001761	0.102502	-0.000001
355.00	0.0043363	-0.001004	0.102448	-0.000001
356.00	0.0045137	-0.000396	0.102395	-0.000001
357.00	0.0046958	-0.000119	0.102341	-0.000001
358.00	0.0048842	0.001404	0.102287	-0.000001
359.00	0.0050774	0.000991	0.102214	-0.000001
360.00	0.0052849	0.000830	0.102215	-0.000001
361.00	0.0054919	0.001198	0.102216	-0.000001
362.00	0.0057075	0.000226	0.102216	-0.000001
363.00	0.0059294	0.000598	0.102217	-0.000001
364.00	0.0061609	-0.000032	0.102218	-0.000001
365.00	0.0063958	0.000221	0.102219	-0.000001
366.00	0.0066404	0.000449	0.102220	-0.000001
367.00	0.0069034	0.000517	0.102221	-0.000001
368.00	0.0071676	-0.000467	0.102221	-0.000001
369.00	0.0074463	-0.000406	0.102222	-0.000001
370.00	0.0077287	-0.000204	0.102223	-0.000000
371.00	0.0080259	-0.000190	0.102224	-0.000000
372.00	0.0083423	-0.000122	0.102225	-0.000000
373.00	0.0086638	0.000765	0.102226	-0.000000
374.00	0.0089988	-0.000094	0.102226	-0.000000
375.00	0.0093363	0.000659	0.102227	-0.000000
376.00	0.0096921	-0.000394	0.102228	-0.000000
377.00	0.0100509	-0.000225	0.102229	-0.000000
378.00	0.0104417	-0.000652	0.102230	-0.000000
379.00	0.0108253	-0.000216	0.102181	0.000000
380.00	0.0112173	0.000790	0.102139	0.000000
381.00	0.0116296	-0.000362	0.102096	0.000000
382.00	0.0120456	-0.000883	0.102053	0.000000
383.00	0.0124837	0.000015	0.102010	0.000000
384.00	0.0129256	0.000163	0.101967	0.000000
385.00	0.0133735	-0.000164	0.101924	0.000000
386.00	0.0138318	-0.000914	0.101881	0.000000
387.00	0.0143149	0.001427	0.101838	0.000000
388.00	0.0147976	0.000084	0.101795	0.000000
389.00	0.0153043	-0.000302	0.101753	0.000000
390.00	0.0158161	-0.001380	0.101710	0.000000
391.00	0.0163392	-0.000783	0.101667	0.000000
392.00	0.0168858	-0.000913	0.101624	0.000000
393.00	0.0174375	-0.001332	0.101581	0.000000
394.00	0.0180060	-0.000025	0.101538	0.000000
395.00	0.0185849	0.000730	0.101495	0.000000
396.00	0.0191802	0.000567	0.101452	0.000000
397.00	0.0197888	-0.000248	0.101409	0.000000
398.00	0.0204074	-0.001043	0.101366	0.000000
399.00	0.0210426	-0.000712	0.101417	0.000000
400.00	0.0177721	-0.000981	0.101528	0.000000
401.00	0.0183959	-0.000662	0.101623	0.000000
402.00	0.0190519	-0.001187	0.101719	0.000000
403.00	0.0197022	-0.001313	0.101815	0.000000
404.00	0.0203641	-0.001730	0.101910	0.000000
405.00	0.0210737	-0.001802	0.102006	0.000000
406.00	0.0217908	-0.000965	0.102102	0.000000
407.00	0.0225220	-0.000247	0.102198	0.000000
408.00	0.0232909	0.000200	0.102293	0.000000
409.00	0.0241521	-0.001031	0.102389	0.000000
410.00	0.0250662	-0.001234	0.102485	0.000000
411.00	0.0259161	-0.000811	0.102580	0.000000
412.00	0.0267725	0.000059	0.102676	0.000000
413.00	0.0276236	-0.001372	0.102772	0.000000
414.00	0.0284645	-0.000824	0.102867	0.000000
415.00	0.0293167	-0.000437	0.102963	0.000000
416.00	0.0301753	-0.000178	0.103059	0.000000
417.00	0.0310375	0.000191	0.103154	0.000000
418.00	0.0318938	-0.000176	0.103250	0.000000
419.00	0.0327765	0.001355	0.103838	0.000000
420.00	0.0336584	-0.000015	0.104224	0.000000
