Bentham+Kilukarp+B487 datafile
2024-11-14 17:09:24
Slits: 1.000
Avg: 1
Comment: Testskaneerimine slot 1_0 (u')

00:00:03	-0.000001	0.097156	23.5	-1.6	4.5
00:02:05	-0.000001	0.094473	23.6	-1.6	4.5

nm	b487	kilu
300.00	0.0000015	0.001714	0.096932	-0.000001
305.00	0.0000005	0.004259	0.096920	-0.000001
310.00	0.0000005	0.002184	0.096909	-0.000001
315.00	-0.0000003	0.002317	0.096776	-0.000001
320.00	-0.0000000	0.004563	0.096765	-0.000001
325.00	0.0002682	0.001594	0.096753	-0.000001
330.00	0.0009714	0.000712	0.096742	-0.000001
335.00	0.0013142	-0.002108	0.096731	-0.000001
340.00	0.0016502	-0.001650	0.096719	-0.000001
345.00	0.0020378	-0.001489	0.096708	-0.000001
350.00	0.0025152	0.005227	0.096697	-0.000001
355.00	0.0029544	-0.002361	0.096685	-0.000001
360.00	0.0033276	0.003611	0.096674	-0.000001
365.00	0.0035846	0.001536	0.096662	-0.000001
370.00	0.0034370	0.001995	0.096651	-0.000001
375.00	0.0026969	0.001410	0.096640	-0.000001
380.00	0.0014917	0.001719	0.096628	-0.000001
385.00	0.0004606	0.004413	0.096617	-0.000001
390.00	0.0000511	0.005616	0.096605	-0.000001
395.00	0.0000015	0.001456	0.096594	-0.000001
400.00	-0.0000003	0.002540	0.096552	-0.000001
405.00	-0.0000000	0.002254	0.096541	-0.000001
410.00	-0.0000000	0.001669	0.096530	-0.000001
415.00	0.0000005	0.002425	0.096518	-0.000001
420.00	0.0000005	0.000053	0.096507	-0.000001
425.00	-0.0000000	-0.001426	0.096495	-0.000001
430.00	-0.0000000	0.002311	0.096484	-0.000001
435.00	-0.0000005	0.000087	0.096473	-0.000001
440.00	-0.0000005	-0.007054	0.096461	-0.000001
445.00	-0.0000005	0.003984	0.096450	-0.000001
450.00	-0.0000000	0.000121	0.096439	-0.000001
455.00	0.0000005	0.000430	0.096427	-0.000001
460.00	0.0000005	0.000591	0.096416	-0.000001
465.00	0.0000005	0.002241	0.096404	-0.000001
470.00	-0.0000000	-0.000132	0.096393	-0.000001
475.00	-0.0000000	0.000476	0.096382	-0.000001
480.00	-0.0000013	0.000934	0.096370	-0.000001
485.00	-0.0000020	0.002883	0.096359	-0.000001
490.00	-0.0000001	-0.000533	0.096348	-0.000001
495.00	-0.0000001	0.002608	0.096336	-0.000001
500.00	0.0000004	-0.000659	0.096325	-0.000001
505.00	0.0000004	0.000842	0.096313	-0.000001
510.00	0.0000004	0.000407	0.096302	-0.000001
515.00	-0.0000001	-0.000476	0.096291	-0.000001
520.00	-0.0000001	0.003857	0.096279	-0.000001
525.00	-0.0000006	-0.000751	0.096268	-0.000001
530.00	-0.0000006	0.002240	0.096256	-0.000001
535.00	-0.0000001	0.002550	0.096245	-0.000001
540.00	0.0000002	0.002412	0.096234	-0.000001
545.00	0.0000004	-0.000855	0.096222	-0.000001
550.00	0.0000004	-0.000545	0.096211	-0.000001
555.00	0.0000004	0.001552	0.096200	-0.000001
560.00	-0.0000001	-0.003801	0.096188	-0.000001
565.00	-0.0000003	0.004406	0.096177	-0.000001
570.00	-0.0000006	0.002331	0.096165	-0.000001
575.00	-0.0000001	0.001598	0.096154	-0.000001
580.00	-0.0000001	0.003397	0.096143	-0.000001
585.00	0.0000004	0.000726	0.096131	-0.000001
590.00	0.0000004	0.000291	0.096120	-0.000001
595.00	0.0000004	-0.000145	0.096108	-0.000001
600.00	0.0000002	0.006274	0.096097	-0.000001
605.00	-0.0000001	-0.000420	0.096086	-0.000001
610.00	-0.0000006	0.001826	0.096074	-0.000001
615.00	-0.0000006	-0.000099	0.096063	-0.000001
620.00	-0.0000001	0.001402	0.096052	-0.000001
625.00	-0.0000001	-0.001120	0.096040	-0.000001
630.00	0.0000004	0.002021	0.096029	-0.000001
635.00	0.0000004	0.001734	0.096017	-0.000001
640.00	0.0000004	0.000553	0.096006	-0.000001
645.00	-0.0000001	-0.002564	0.095995	-0.000001
650.00	-0.0000001	0.001619	0.095983	-0.000001
655.00	-0.0000003	-0.002393	0.095972	-0.000001
660.00	-0.0000006	-0.000295	0.095961	-0.000001
665.00	-0.0000001	0.001653	0.095949	-0.000001
670.00	-0.0000001	-0.001613	0.095938	-0.000001
675.00	0.0000004	0.004209	0.095926	-0.000001
680.00	0.0000004	-0.000250	0.095915	-0.000001
685.00	0.0000004	0.000060	0.095904	-0.000001
690.00	-0.0000001	-0.002313	0.095892	-0.000001
695.00	-0.0000001	-0.001109	0.095881	-0.000001
700.00	-0.0000001	-0.000770	0.095839	-0.000001
705.00	0.0000004	0.000583	0.095828	-0.000001
710.00	0.0000004	0.002531	0.095816	-0.000001
715.00	0.0000004	-0.002673	0.095805	-0.000001
720.00	0.0000002	0.001809	0.095794	-0.000001
725.00	-0.0000001	0.001373	0.095782	-0.000001
730.00	-0.0000001	0.002577	0.095771	-0.000001
735.00	-0.0000006	0.001545	0.095759	-0.000001
740.00	-0.0000001	0.000811	0.095748	-0.000001
745.00	0.0000002	0.004250	0.095737	-0.000001
750.00	0.0000004	-0.002593	0.095725	-0.000001
755.00	0.0000004	-0.002135	0.095714	-0.000001
760.00	0.0000002	0.002496	0.095703	-0.000001
765.00	-0.0000001	0.001464	0.095691	-0.000001
770.00	-0.0000003	-0.001951	0.095680	-0.000001
775.00	-0.0000006	0.000891	0.095668	-0.000001
780.00	-0.0000001	0.003287	0.095657	-0.000001
785.00	-0.0000001	-0.001619	0.095646	-0.000001
790.00	0.0000002	0.005694	0.095634	-0.000001
795.00	0.0000004	-0.002342	0.095623	-0.000001
800.00	0.0000004	-0.001436	0.095611	-0.000001
805.00	-0.0000001	-0.000084	0.095600	-0.000001
810.00	-0.0000001	0.003802	0.095589	-0.000001
815.00	-0.0000006	0.001876	0.095577	-0.000001
820.00	-0.0000006	-0.004222	0.095566	-0.000001
825.00	-0.0000001	0.003836	0.095555	-0.000001
830.00	-0.0000001	-0.002560	0.095543	-0.000001
835.00	-0.0000006	-0.006721	0.095532	-0.000001
840.00	0.0000004	-0.001643	0.095520	-0.000001
845.00	0.0000004	0.001646	0.095509	-0.000001
850.00	-0.0000001	0.000168	0.095498	-0.000001
855.00	-0.0000001	0.006140	0.095486	-0.000001
860.00	-0.0000006	-0.001598	0.095475	-0.000001
865.00	-0.0000006	0.004374	0.095464	-0.000001
870.00	-0.0000001	0.002895	0.095452	-0.000001
875.00	-0.0000001	-0.000222	0.095441	-0.000001
880.00	0.0000004	-0.002893	0.095429	-0.000001
885.00	0.0000004	-0.001690	0.095418	-0.000001
890.00	0.0000004	-0.001529	0.095407	-0.000001
895.00	-0.0000001	0.000270	0.095395	-0.000001
900.00	-0.0000001	0.001474	0.095384	-0.000001
905.00	-0.0000006	0.000740	0.095372	-0.000001
910.00	-0.0000006	-0.002229	0.095361	-0.000001
915.00	-0.0000001	0.001806	0.095350	-0.000001
920.00	-0.0000001	-0.000418	0.095338	-0.000001
925.00	0.0000004	-0.001152	0.095327	-0.000001
930.00	0.0000004	0.001691	0.095316	-0.000001
935.00	0.0000001	-0.000086	0.095304	-0.000001
940.00	-0.0000001	-0.001266	0.095293	-0.000001
945.00	-0.0000006	-0.001404	0.095281	-0.000001
950.00	-0.0000006	0.002631	0.095270	-0.000001
955.00	-0.0000004	0.003685	0.095259	-0.000001
960.00	-0.0000001	0.001312	0.095247	-0.000001
965.00	0.0000004	0.002814	0.095236	-0.000001
970.00	0.0000004	0.004464	0.095225	-0.000001
975.00	0.0000004	0.001197	0.095213	-0.000001
980.00	0.0000004	0.003742	0.095202	-0.000001
985.00	0.0000004	0.003157	0.095190	-0.000001
990.00	0.0000004	0.002275	0.095179	-0.000001
995.00	0.0000014	0.003180	0.095168	-0.000001
1000.00	0.0000009	0.002744	0.095156	-0.000001
1005.00	0.0000014	0.000521	0.095145	-0.000001
1010.00	0.0000019	0.000830	0.095133	-0.000001
1015.00	0.0000029	-0.001990	0.095122	-0.000001
1020.00	0.0000044	-0.002873	0.095111	-0.000001
1025.00	0.0000044	0.001907	0.095099	-0.000001
1030.00	0.0000039	-0.002403	0.095088	-0.000001
1035.00	0.0000034	-0.000603	0.095077	-0.000001
1040.00	0.0000044	0.002239	0.095065	-0.000001
1045.00	0.0000054	0.002847	0.095054	-0.000001
1050.00	0.0000068	-0.000271	0.095042	-0.000001
1055.00	0.0000054	-0.001154	0.095031	-0.000001
1060.00	0.0000063	-0.000099	0.095020	-0.000001
1065.00	0.0000049	0.002743	0.095008	-0.000001
1070.00	0.0000044	0.003053	0.094997	-0.000001
1075.00	0.0000039	0.001574	0.094986	-0.000001
1080.00	0.0000039	0.001138	0.094974	-0.000001
1085.00	0.0000044	0.003236	0.094963	-0.000001
1090.00	0.0000048	-0.000329	0.094951	-0.000001
1095.00	0.0000043	-0.001659	0.094940	-0.000001
1100.00	0.0000034	0.002227	0.094929	-0.000001
1105.00	0.0000048	0.000583	0.094784	-0.000001
1110.00	0.0000043	0.001488	0.094773	-0.000001
1115.00	0.0000038	0.006864	0.094762	-0.000001
1120.00	0.0000033	0.005982	0.094750	-0.000001
1125.00	0.0000028	0.002119	0.094739	-0.000001
1130.00	0.0000023	0.000044	0.094728	-0.000001
1135.00	0.0000016	0.005867	0.094716	-0.000001
1140.00	0.0000008	0.001557	0.094705	-0.000001
1145.00	0.0000003	0.000525	0.094693	-0.000001
1150.00	0.0000003	0.000685	0.094682	-0.000001
1155.00	0.0000003	0.002038	0.094671	-0.000001
1160.00	0.0000003	0.001304	0.094659	-0.000001
1165.00	0.0000003	0.003402	0.094648	-0.000001
1170.00	0.0000003	-0.002249	0.094636	-0.000001
1175.00	-0.0000002	-0.001642	0.094625	-0.000001
1180.00	-0.0000004	0.003585	0.094614	-0.000001
1185.00	-0.0000007	0.004043	0.094602	-0.000001
1190.00	-0.0000004	0.004800	0.094591	-0.000001
1195.00	-0.0000002	0.002874	0.094580	-0.000001
1200.00	0.0000003	0.001693	0.094568	-0.000001
