1900.0 0.9068999999999999
1910.0 0.9073
1920.0 0.9077
1930.0 0.9079999999999999
1940.0 0.9084
1950.0 0.9087999999999999
1960.0 0.9091
1970.0 0.9095
1980.0 0.9098
1990.0 0.9101
2000.0 0.9104000000000001
2010.0 0.9107999999999999
2020.0 0.9111
2030.0 0.9114
2040.0 0.9117000000000001
2050.0 0.912
2060.0 0.9123
2070.0 0.9125
2080.0 0.9128000000000001
2090.0 0.9131
2100.0 0.9134
2110.0 0.9136
2120.0 0.9139
2130.0 0.9140999999999999
2140.0 0.9144
2150.0 0.9146
2160.0 0.9148999999999999
2170.0 0.9151
2180.0 0.9153
2190.0 0.9155
2200.0 0.9158
2210.0 0.9159999999999999
2220.0 0.9162
2230.0 0.9164
2240.0 0.9166
2250.0 0.9168000000000001
2260.0 0.917
2270.0 0.9172
2280.0 0.9174
2290.0 0.9176000000000001
2300.0 0.9178000000000001
2310.0 0.9179999999999999
2320.0 0.9181
2330.0 0.9183
2340.0 0.9185
2350.0 0.9187000000000001
2360.0 0.9188
2370.0 0.919
2380.0 0.9192
2390.0 0.9193000000000001
2400.0 0.9195
2410.0 0.9196
2420.0 0.9198000000000001
2430.0 0.92
2440.0 0.9201
2450.0 0.9201999999999999
2460.0 0.9204000000000001
2470.0 0.9205
2480.0 0.9207
2490.0 0.9208
2500.0 0.9209999999999999
2510.0 0.9211
2520.0 0.9212
2530.0 0.9213
2540.0 0.9215000000000001
2550.0 0.9216
2560.0 0.9217
2570.0 0.9218999999999999
2580.0 0.922
2590.0 0.9220999999999999
2600.0 0.9222
2610.0 0.9223
2620.0 0.9224
2630.0 0.9226000000000001
2640.0 0.9227
2650.0 0.9228000000000001
2660.0 0.9229
2670.0 0.9229999999999999
2680.0 0.9231
2690.0 0.9231999999999999
2700.0 0.9233
2710.0 0.9234
2720.0 0.9235
2730.0 0.9236
2740.0 0.9237000000000001
2750.0 0.9238
2760.0 0.9239
2770.0 0.924
2780.0 0.9240999999999999
2790.0 0.9242
2800.0 0.9243000000000001
2810.0 0.9244
2820.0 0.9245
2830.0 0.9245
2840.0 0.9246
2850.0 0.9247
2860.0 0.9248000000000001
2870.0 0.9248999999999999
2880.0 0.925
2890.0 0.9251
2900.0 0.9251
2910.0 0.9251999999999999
2920.0 0.9253
2930.0 0.9254000000000001
2940.0 0.9254000000000001
2950.0 0.9255
2960.0 0.9256
2970.0 0.9257
2980.0 0.9257
2990.0 0.9258
3000.0 0.9259000000000001
3010.0 0.9259999999999999
3020.0 0.9259999999999999
3030.0 0.9261
3040.0 0.9262
3050.0 0.9262
3060.0 0.9262999999999999
3070.0 0.9264
3080.0 0.9264
3090.0 0.9265000000000001
3100.0 0.9266
3110.0 0.9266
3120.0 0.9267
3130.0 0.9267
3140.0 0.9268000000000001
3150.0 0.9269
3160.0 0.9269
3170.0 0.927
3180.0 0.927
3190.0 0.9270999999999999
3200.0 0.9272
3210.0 0.9272
3220.0 0.9273
3230.0 0.9273
3240.0 0.9274
3250.0 0.9274
3260.0 0.9275
3270.0 0.9276000000000001
3280.0 0.9276000000000001
3290.0 0.9277
3300.0 0.9277
3310.0 0.9278
3320.0 0.9278
3330.0 0.9279000000000001
3340.0 0.9279000000000001
3350.0 0.9279999999999999
3360.0 0.9279999999999999
3370.0 0.9281
3380.0 0.9281
3390.0 0.9281999999999999
3400.0 0.9281999999999999
3410.0 0.9281999999999999
3420.0 0.9283
3430.0 0.9283
3440.0 0.9284
3450.0 0.9284
3460.0 0.9285
3470.0 0.9285
3480.0 0.9286
3490.0 0.9286
3500.0 0.9286
3510.0 0.9287000000000001
3520.0 0.9287000000000001
3530.0 0.9288
3540.0 0.9288
3550.0 0.9288
3560.0 0.9289000000000001
3570.0 0.9289000000000001
3580.0 0.929
3590.0 0.929
3600.0 0.929
3610.0 0.9290999999999999
3620.0 0.9290999999999999
3630.0 0.9292
3640.0 0.9292
3650.0 0.9292
3660.0 0.9293
3670.0 0.9293
3680.0 0.9293
3690.0 0.9294
3700.0 0.9294
3710.0 0.9294
3720.0 0.9295
3730.0 0.9295
3740.0 0.9296
3750.0 0.9296
3760.0 0.9296
3770.0 0.9297
3780.0 0.9297
3790.0 0.9297
3800.0 0.9298000000000001
3810.0 0.9298000000000001
3820.0 0.9298000000000001
3830.0 0.9298000000000001
3840.0 0.9299
3850.0 0.9299
3860.0 0.9299
3870.0 0.93
3880.0 0.93
3890.0 0.93
3900.0 0.9301
3910.0 0.9301
3920.0 0.9301
3930.0 0.9301
3940.0 0.9301999999999999
3950.0 0.9301999999999999
3960.0 0.9301999999999999
3970.0 0.9303
3980.0 0.9303
3990.0 0.9303
4000.0 0.9303
4010.0 0.9304000000000001
4020.0 0.9304000000000001
4030.0 0.9304000000000001
4040.0 0.9305
4050.0 0.9305
4060.0 0.9305
4070.0 0.9305
4080.0 0.9306
4090.0 0.9306
4100.0 0.9306
4110.0 0.9306
4120.0 0.9307
4130.0 0.9307
4140.0 0.9307
4150.0 0.9307
4160.0 0.9308
4170.0 0.9308
4180.0 0.9308
4190.0 0.9308
4200.0 0.9309000000000001
4210.0 0.9309000000000001
4220.0 0.9309000000000001
4230.0 0.9309000000000001
4240.0 0.9309000000000001
4250.0 0.9309999999999999
4260.0 0.9309999999999999
4270.0 0.9309999999999999
4280.0 0.9309999999999999
4290.0 0.9311
4300.0 0.9311
4310.0 0.9311
4320.0 0.9311
4330.0 0.9311
4340.0 0.9312
4350.0 0.9312
4360.0 0.9312
4370.0 0.9312
4380.0 0.9312
4390.0 0.9312999999999999
4400.0 0.9312999999999999
4410.0 0.9312999999999999
4420.0 0.9312999999999999
4430.0 0.9312999999999999
4440.0 0.9314
4450.0 0.9314
4460.0 0.9314
4470.0 0.9314
4480.0 0.9314
4490.0 0.9315000000000001
4500.0 0.9315000000000001
4510.0 0.9315000000000001
4520.0 0.9315000000000001
4530.0 0.9315000000000001
4540.0 0.9316
4550.0 0.9316
4560.0 0.9316
4570.0 0.9316
4580.0 0.9316
4590.0 0.9316
4600.0 0.9317
4610.0 0.9317
4620.0 0.9317
4630.0 0.9317
4640.0 0.9317
4650.0 0.9317
4660.0 0.9318000000000001
4670.0 0.9318000000000001
4680.0 0.9318000000000001
4690.0 0.9318000000000001
4700.0 0.9318000000000001
4710.0 0.9318000000000001
4720.0 0.9319
4730.0 0.9319
4740.0 0.9319
4750.0 0.9319
4760.0 0.9319
4770.0 0.9319
4780.0 0.932
4790.0 0.932
4800.0 0.932
4810.0 0.932
4820.0 0.932
4830.0 0.932
4840.0 0.932
4850.0 0.9320999999999999
4860.0 0.9320999999999999
4870.0 0.9320999999999999
4880.0 0.9320999999999999
4890.0 0.9320999999999999
4900.0 0.9320999999999999
4910.0 0.9320999999999999
4920.0 0.9322
4930.0 0.9322
4940.0 0.9322
4950.0 0.9322
4960.0 0.9322
4970.0 0.9322
4980.0 0.9322
4990.0 0.9323
5000.0 0.9323
5010.0 0.9323
5020.0 0.9323
5030.0 0.9323
5040.0 0.9323
5050.0 0.9323
5060.0 0.9323999999999999
5070.0 0.9323999999999999
5080.0 0.9323999999999999
5090.0 0.9323999999999999
5100.0 0.9323999999999999
5110.0 0.9323999999999999
5120.0 0.9323999999999999
5130.0 0.9323999999999999
5140.0 0.9325
5150.0 0.9325
5160.0 0.9325
5170.0 0.9325
5180.0 0.9325
5190.0 0.9325
5200.0 0.9325
5210.0 0.9325
5220.0 0.9325
5230.0 0.9326000000000001
5240.0 0.9326000000000001
5250.0 0.9326000000000001
5260.0 0.9326000000000001
5270.0 0.9326000000000001
5280.0 0.9326000000000001
5290.0 0.9326000000000001
5300.0 0.9326000000000001
5310.0 0.9327
5320.0 0.9327
5330.0 0.9327
5340.0 0.9327
5350.0 0.9327
5360.0 0.9327
5370.0 0.9327
5380.0 0.9327
5390.0 0.9327
5400.0 0.9327
5410.0 0.9328
5420.0 0.9328
5430.0 0.9328
5440.0 0.9328
5450.0 0.9328
5460.0 0.9328
5470.0 0.9328
5480.0 0.9328
5490.0 0.9328
5500.0 0.9329000000000001
5510.0 0.9329000000000001
5520.0 0.9329000000000001
5530.0 0.9329000000000001
5540.0 0.9329000000000001
5550.0 0.9329000000000001
5560.0 0.9329000000000001
5570.0 0.9329000000000001
5580.0 0.9329000000000001
5590.0 0.9329000000000001
5600.0 0.9329000000000001
5610.0 0.9329999999999999
5620.0 0.9329999999999999
5630.0 0.9329999999999999
5640.0 0.9329999999999999
5650.0 0.9329999999999999
5660.0 0.9329999999999999
5670.0 0.9329999999999999
5680.0 0.9329999999999999
5690.0 0.9329999999999999
5700.0 0.9329999999999999
5710.0 0.9329999999999999
5720.0 0.9331
5730.0 0.9331
5740.0 0.9331
5750.0 0.9331
5760.0 0.9331
5770.0 0.9331
5780.0 0.9331
5790.0 0.9331
5800.0 0.9331
5810.0 0.9331
5820.0 0.9331
5830.0 0.9331999999999999
5840.0 0.9331999999999999
5850.0 0.9331999999999999
5860.0 0.9331999999999999
5870.0 0.9331999999999999
5880.0 0.9331999999999999
5890.0 0.9331999999999999
5900.0 0.9331999999999999
5910.0 0.9331999999999999
5920.0 0.9331999999999999
5930.0 0.9331999999999999
5940.0 0.9331999999999999
5950.0 0.9331999999999999
5960.0 0.9333
5970.0 0.9333
5980.0 0.9333
5990.0 0.9333
6000.0 0.9333
6010.0 0.9333
6020.0 0.9333
6030.0 0.9333
6040.0 0.9333
6050.0 0.9333
6060.0 0.9333
6070.0 0.9333
6080.0 0.9333
6090.0 0.9334
6100.0 0.9334
6110.0 0.9334
6120.0 0.9334
6130.0 0.9334
6140.0 0.9334
6150.0 0.9334
6160.0 0.9334
6170.0 0.9334
6180.0 0.9334
6190.0 0.9334
6200.0 0.9334
6210.0 0.9334
6220.0 0.9334
6230.0 0.9335
6240.0 0.9335
6250.0 0.9335
6260.0 0.9335
6270.0 0.9335
6280.0 0.9335
6290.0 0.9335
6300.0 0.9335
6310.0 0.9335
6320.0 0.9335
6330.0 0.9335
6340.0 0.9335
6350.0 0.9335
6360.0 0.9335
6370.0 0.9335
6380.0 0.9335
6390.0 0.9336
6400.0 0.9336
6410.0 0.9336
6420.0 0.9336
6430.0 0.9336
6440.0 0.9336
6450.0 0.9336
6460.0 0.9336
6470.0 0.9336
6480.0 0.9336
6490.0 0.9336
6500.0 0.9336
6510.0 0.9336
6520.0 0.9336
6530.0 0.9336
6540.0 0.9336
6550.0 0.9337000000000001
6560.0 0.9337000000000001
6570.0 0.9337000000000001
6580.0 0.9337000000000001
6590.0 0.9337000000000001
6600.0 0.9337000000000001
6610.0 0.9337000000000001
6620.0 0.9337000000000001
6630.0 0.9337000000000001
6640.0 0.9337000000000001
6650.0 0.9337000000000001
6660.0 0.9337000000000001
6670.0 0.9337000000000001
6680.0 0.9337000000000001
6690.0 0.9337000000000001
6700.0 0.9337000000000001
6710.0 0.9337000000000001
6720.0 0.9337000000000001
6730.0 0.9338
6740.0 0.9338
6750.0 0.9338
6760.0 0.9338
6770.0 0.9338
6780.0 0.9338
6790.0 0.9338
6800.0 0.9338
6810.0 0.9338
6820.0 0.9338
6830.0 0.9338
6840.0 0.9338
6850.0 0.9338
6860.0 0.9338
6870.0 0.9338
6880.0 0.9338
6890.0 0.9338
6900.0 0.9338
6910.0 0.9338
6920.0 0.9338
6930.0 0.9339
6940.0 0.9339
6950.0 0.9339
6960.0 0.9339
6970.0 0.9339
6980.0 0.9339
6990.0 0.9339
7000.0 0.9339
7010.0 0.9339
7020.0 0.9339
7030.0 0.9339
7040.0 0.9339
7050.0 0.9339
7060.0 0.9339
7070.0 0.9339
7080.0 0.9339
7090.0 0.9339
7100.0 0.9339
7110.0 0.9339
7120.0 0.9339
7130.0 0.9339
7140.0 0.9339
7150.0 0.934
7160.0 0.934
7170.0 0.934
7180.0 0.934
7190.0 0.934
7200.0 0.934
7210.0 0.934
7220.0 0.934
7230.0 0.934
7240.0 0.934
7250.0 0.934
7260.0 0.934
7270.0 0.934
7280.0 0.934
7290.0 0.934
7300.0 0.934
7310.0 0.934
7320.0 0.934
7330.0 0.934
7340.0 0.934
7350.0 0.934
7360.0 0.934
7370.0 0.934
7380.0 0.9340999999999999
7390.0 0.9340999999999999
7400.0 0.9340999999999999
7410.0 0.9340999999999999
7420.0 0.9340999999999999
7430.0 0.9340999999999999
7440.0 0.9340999999999999
7450.0 0.9340999999999999
7460.0 0.9340999999999999
7470.0 0.9340999999999999
7480.0 0.9340999999999999
7490.0 0.9340999999999999
7500.0 0.9340999999999999
7510.0 0.9340999999999999
7520.0 0.9340999999999999
7530.0 0.9340999999999999
7540.0 0.9340999999999999
7550.0 0.9340999999999999
7560.0 0.9340999999999999
7570.0 0.9340999999999999
7580.0 0.9340999999999999
7590.0 0.9340999999999999
7600.0 0.9340999999999999
7610.0 0.9340999999999999
7620.0 0.9340999999999999
7630.0 0.9340999999999999
7640.0 0.9340999999999999
7650.0 0.9342
7660.0 0.9342
7670.0 0.9342
7680.0 0.9342
7690.0 0.9342
7700.0 0.9342
7710.0 0.9342
7720.0 0.9342
7730.0 0.9342
7740.0 0.9342
7750.0 0.9342
7760.0 0.9342
7770.0 0.9342
7780.0 0.9342
7790.0 0.9342
7800.0 0.9342
7810.0 0.9342
7820.0 0.9342
7830.0 0.9342
7840.0 0.9342
7850.0 0.9342
7860.0 0.9342
7870.0 0.9342
7880.0 0.9342
7890.0 0.9342
7900.0 0.9342
7910.0 0.9342
7920.0 0.9342
7930.0 0.9342
7940.0 0.9343
7950.0 0.9343
7960.0 0.9343
7970.0 0.9343
7980.0 0.9343
7990.0 0.9343
8000.0 0.9343
8010.0 0.9343
8020.0 0.9343
8030.0 0.9343
8040.0 0.9343
8050.0 0.9343
8060.0 0.9343
8070.0 0.9343
8080.0 0.9343
8090.0 0.9343
8100.0 0.9343
8110.0 0.9343
8120.0 0.9343
8130.0 0.9343
8140.0 0.9343
8150.0 0.9343
8160.0 0.9343
8170.0 0.9343
8180.0 0.9343
8190.0 0.9343
8200.0 0.9343
8210.0 0.9343
8220.0 0.9343
8230.0 0.9343
8240.0 0.9343
8250.0 0.9343
8260.0 0.9343
8270.0 0.9344
8280.0 0.9344
8290.0 0.9344
8300.0 0.9344
8310.0 0.9344
8320.0 0.9344
8330.0 0.9344
8340.0 0.9344
8350.0 0.9344
8360.0 0.9344
8370.0 0.9344
8380.0 0.9344
8390.0 0.9344
8400.0 0.9344
8410.0 0.9344
8420.0 0.9344
8430.0 0.9344
8440.0 0.9344
8450.0 0.9344
8460.0 0.9344
8470.0 0.9344
8480.0 0.9344
8490.0 0.9344
8500.0 0.9344
8510.0 0.9344
8520.0 0.9344
8530.0 0.9344
8540.0 0.9344
8550.0 0.9344
8560.0 0.9344
8570.0 0.9344
8580.0 0.9344
8590.0 0.9344
8600.0 0.9344
8610.0 0.9344
8620.0 0.9344
8630.0 0.9344
8640.0 0.9344
8650.0 0.9345
8660.0 0.9345
8670.0 0.9345
8680.0 0.9345
8690.0 0.9345
8700.0 0.9345
8710.0 0.9345
8720.0 0.9345
8730.0 0.9345
8740.0 0.9345
8750.0 0.9345
8760.0 0.9345
8770.0 0.9345
8780.0 0.9345
8790.0 0.9345
8800.0 0.9345
8810.0 0.9345
8820.0 0.9345
8830.0 0.9345
8840.0 0.9345
8850.0 0.9345
8860.0 0.9345
8870.0 0.9345
8880.0 0.9345
8890.0 0.9345
8900.0 0.9345
8910.0 0.9345
8920.0 0.9345
8930.0 0.9345
8940.0 0.9345
8950.0 0.9345
8960.0 0.9345
8970.0 0.9345
8980.0 0.9345
8990.0 0.9345
9000.0 0.9345
9010.0 0.9345
9020.0 0.9345
9030.0 0.9345
9040.0 0.9345
9050.0 0.9345
9060.0 0.9345
9070.0 0.9345
9080.0 0.9345
9090.0 0.9346
9100.0 0.9346
9110.0 0.9346
9120.0 0.9346
9130.0 0.9346
9140.0 0.9346
9150.0 0.9346
9160.0 0.9346
9170.0 0.9346
9180.0 0.9346
9190.0 0.9346
9200.0 0.9346
9210.0 0.9346
9220.0 0.9346
9230.0 0.9346
9240.0 0.9346
9250.0 0.9346
9260.0 0.9346
9270.0 0.9346
9280.0 0.9346
9290.0 0.9346
9300.0 0.9346
9310.0 0.9346
9320.0 0.9346
9330.0 0.9346
9340.0 0.9346
9350.0 0.9346
9360.0 0.9346
9370.0 0.9346
9380.0 0.9346
9390.0 0.9346
9400.0 0.9346
9410.0 0.9346
9420.0 0.9346
9430.0 0.9346
9440.0 0.9346
9450.0 0.9346
9460.0 0.9346
9470.0 0.9346
9480.0 0.9346
9490.0 0.9346
9500.0 0.9346
9510.0 0.9346
9520.0 0.9346
9530.0 0.9346
9540.0 0.9346
9550.0 0.9346
9560.0 0.9346
9570.0 0.9346
9580.0 0.9346
9590.0 0.9346
9600.0 0.9347
9610.0 0.9347
9620.0 0.9347
9630.0 0.9347
9640.0 0.9347
9650.0 0.9347
9660.0 0.9347
9670.0 0.9347
9680.0 0.9347
9690.0 0.9347
9700.0 0.9347
9710.0 0.9347
9720.0 0.9347
9730.0 0.9347
9740.0 0.9347
9750.0 0.9347
9760.0 0.9347
9770.0 0.9347
9780.0 0.9347
9790.0 0.9347
9800.0 0.9347
9810.0 0.9347
9820.0 0.9347
9830.0 0.9347
9840.0 0.9347
9850.0 0.9347
9860.0 0.9347
9870.0 0.9347
9880.0 0.9347
9890.0 0.9347
9900.0 0.9347
9910.0 0.9347
9920.0 0.9347
9930.0 0.9347
9940.0 0.9347
9950.0 0.9347
9960.0 0.9347
9970.0 0.9347
9980.0 0.9347
9990.0 0.9347
10000.0 0.9347
10010.0 0.9347
10020.0 0.9347
10030.0 0.9347
10040.0 0.9347
10050.0 0.9347
10060.0 0.9347
10070.0 0.9347
10080.0 0.9347
10090.0 0.9347
10100.0 0.9347
10110.0 0.9347
10120.0 0.9347
10130.0 0.9347
10140.0 0.9347
10150.0 0.9347
10160.0 0.9347
10170.0 0.9347
10180.0 0.9347
10190.0 0.9347
10200.0 0.9347
10210.0 0.9348000000000001
10220.0 0.9348000000000001
10230.0 0.9348000000000001
10240.0 0.9348000000000001
10250.0 0.9348000000000001
10260.0 0.9348000000000001
10270.0 0.9348000000000001
10280.0 0.9348000000000001
10290.0 0.9348000000000001
10300.0 0.9348000000000001
10310.0 0.9348000000000001
10320.0 0.9348000000000001
10330.0 0.9348000000000001
10340.0 0.9348000000000001
10350.0 0.9348000000000001
10360.0 0.9348000000000001
10370.0 0.9348000000000001
10380.0 0.9348000000000001
10390.0 0.9348000000000001
10400.0 0.9348000000000001
10410.0 0.9348000000000001
10420.0 0.9348000000000001
10430.0 0.9348000000000001
10440.0 0.9348000000000001
10450.0 0.9348000000000001
10460.0 0.9348000000000001
10470.0 0.9348000000000001
10480.0 0.9348000000000001
10490.0 0.9348000000000001
10500.0 0.9348000000000001
10510.0 0.9348000000000001
10520.0 0.9348000000000001
10530.0 0.9348000000000001
10540.0 0.9348000000000001
10550.0 0.9348000000000001
10560.0 0.9348000000000001
10570.0 0.9348000000000001
10580.0 0.9348000000000001
10590.0 0.9348000000000001
10600.0 0.9348000000000001
10610.0 0.9348000000000001
10620.0 0.9348000000000001
10630.0 0.9348000000000001
10640.0 0.9348000000000001
10650.0 0.9348000000000001
10660.0 0.9348000000000001
10670.0 0.9348000000000001
10680.0 0.9348000000000001
10690.0 0.9348000000000001
10700.0 0.9348000000000001
10710.0 0.9348000000000001
10720.0 0.9348000000000001
10730.0 0.9348000000000001
10740.0 0.9348000000000001
10750.0 0.9348000000000001
10760.0 0.9348000000000001
10770.0 0.9348000000000001
10780.0 0.9348000000000001
10790.0 0.9348000000000001
10800.0 0.9348000000000001
10810.0 0.9348000000000001
10820.0 0.9348000000000001
10830.0 0.9348000000000001
10840.0 0.9348000000000001
10850.0 0.9348000000000001
10860.0 0.9348000000000001
10870.0 0.9348000000000001
10880.0 0.9348000000000001
10890.0 0.9348000000000001
10900.0 0.9348000000000001
10910.0 0.9348000000000001
10920.0 0.9348000000000001
10930.0 0.9348000000000001
10940.0 0.9348000000000001
10950.0 0.9349
10960.0 0.9349
10970.0 0.9349
10980.0 0.9349
10990.0 0.9349
11000.0 0.9349
