Bentham+Kilukarp+B487 datafile
2024-11-15 00:27:50
Slits: 1.000
Avg: 25
Comment: Ic referents 2 slot 0_0 (tyhi)

00:00:07	-0.000001	0.097311	23.8	-1.6	4.4
00:03:16	0.000000	0.097364	23.8	-1.6	4.4
00:06:27	0.000000	0.099254	23.8	-1.6	4.4
00:09:38	0.000000	0.099701	23.8	-1.6	4.4
00:12:49	0.000000	0.098866	23.8	-1.6	4.4
00:16:00	0.000000	0.099462	23.8	-1.6	4.4
00:19:11	0.000000	0.098336	23.8	-1.6	4.4
00:22:22	0.000000	0.099719	23.8	-1.5	4.4
00:25:33	0.000000	0.101930	23.8	-1.6	4.4
00:28:45	0.000000	0.101876	23.8	-1.5	4.4
00:31:56	0.000000	0.101233	23.8	-1.5	4.4
00:35:07	0.000000	0.102389	23.8	-1.5	4.4
00:38:17	0.000000	0.100923	23.8	-1.5	4.4
00:41:28	-0.000001	0.100857	23.8	-1.5	4.4
00:43:20	-0.000001	0.102103	23.8	-1.5	4.4

nm	b487	kilu
675.00	0.1755328	0.000372	0.097314	-0.000001
676.00	0.1780953	0.001867	0.097315	-0.000001
677.00	0.1807151	0.001889	0.097317	-0.000001
678.00	0.1828081	0.001095	0.097318	-0.000001
679.00	0.1847664	0.002453	0.097319	-0.000001
680.00	0.1864333	0.001492	0.097320	-0.000001
681.00	0.1880693	0.001628	0.097322	-0.000001
682.00	0.1894621	0.001126	0.097323	-0.000001
683.00	0.1907789	0.001584	0.097324	-0.000001
684.00	0.1919470	0.001833	0.097326	-0.000001
685.00	0.1930935	0.001140	0.097327	-0.000001
686.00	0.1940942	0.002277	0.097328	-0.000001
687.00	0.1949773	0.000440	0.097330	-0.000001
688.00	0.1957689	0.000725	0.097331	-0.000001
689.00	0.1964483	0.001456	0.097332	-0.000001
690.00	0.1970528	0.001139	0.097334	-0.000001
691.00	0.1975965	0.001191	0.097335	-0.000001
692.00	0.1980308	0.000219	0.097336	-0.000000
693.00	0.1983545	-0.000075	0.097338	-0.000000
694.00	0.1986296	0.000979	0.097339	-0.000000
695.00	0.1988199	0.001186	0.097340	-0.000000
696.00	0.1989062	0.002341	0.097342	-0.000000
697.00	0.1989587	0.001964	0.097343	-0.000000
698.00	0.1989253	0.001611	0.097344	-0.000000
699.00	0.1988145	0.002772	0.097346	-0.000000
700.00	0.1953942	0.000959	0.097347	-0.000000
701.00	0.1954373	0.001267	0.097349	-0.000000
702.00	0.1953941	0.003251	0.097350	-0.000000
703.00	0.1953382	0.001902	0.097351	-0.000000
704.00	0.1951606	0.002098	0.097353	-0.000000
705.00	0.1949319	0.002752	0.097354	-0.000000
706.00	0.1945960	0.001314	0.097355	-0.000000
707.00	0.1942426	0.001718	0.097357	-0.000000
708.00	0.1938092	0.001586	0.097358	-0.000000
709.00	0.1933486	0.001430	0.097359	-0.000000
710.00	0.1928256	0.001118	0.097360	-0.000000
711.00	0.1922387	-0.000457	0.097362	-0.000000
712.00	0.1916693	0.000867	0.097427	0.000000
713.00	0.1910104	0.000666	0.097473	0.000000
714.00	0.1903499	0.000412	0.097519	0.000000
715.00	0.1896623	0.001611	0.097565	0.000000
716.00	0.1889058	0.000487	0.097611	0.000000
717.00	0.1880934	0.000560	0.097656	0.000000
718.00	0.1872394	-0.000285	0.097702	0.000000
719.00	0.1863982	0.000033	0.097748	0.000000
720.00	0.1855282	-0.000126	0.097794	0.000000
721.00	0.1847430	0.000883	0.097840	0.000000
722.00	0.1838698	0.000247	0.097886	0.000000
723.00	0.1829039	0.001381	0.097932	0.000000
724.00	0.1820259	0.002403	0.097978	0.000000
725.00	0.1810776	0.001349	0.098024	0.000000
726.00	0.1801900	0.000487	0.098069	0.000000
727.00	0.1792177	0.000375	0.098115	0.000000
728.00	0.1782438	-0.000159	0.098161	0.000000
729.00	0.1772890	0.000898	0.098207	0.000000
730.00	0.1762895	0.000506	0.098253	0.000000
731.00	0.1753268	0.000573	0.098299	0.000000
732.00	0.1743816	0.000933	0.098345	0.000000
733.00	0.1733549	0.000541	0.098390	0.000000
734.00	0.1723746	0.001336	0.098436	0.000000
735.00	0.1713303	0.001630	0.098482	0.000000
736.00	0.1703468	0.001667	0.098528	0.000000
737.00	0.1692849	0.001377	0.098574	0.000000
738.00	0.1682614	0.000985	0.098620	0.000000
739.00	0.1672395	0.001297	0.098666	0.000000
740.00	0.1661792	0.001549	0.098712	0.000000
741.00	0.1651381	0.002678	0.098758	0.000000
742.00	0.1640730	0.002083	0.098803	0.000000
743.00	0.1630367	-0.000180	0.098849	0.000000
744.00	0.1619684	0.002009	0.098895	0.000000
745.00	0.1609657	0.001487	0.098941	0.000000
746.00	0.1599038	0.001226	0.098987	0.000000
747.00	0.1588211	0.001198	0.099033	0.000000
748.00	0.1577736	0.001176	0.099079	0.000000
749.00	0.1566989	0.000338	0.099125	0.000000
750.00	0.1556658	0.001460	0.099170	0.000000
751.00	0.1545736	-0.000337	0.099269	0.000000
752.00	0.1535245	-0.000497	0.099279	0.000000
753.00	0.1524866	-0.000060	0.099290	0.000000
754.00	0.1514679	0.000161	0.099301	0.000000
755.00	0.1504172	-0.001221	0.099312	0.000000
756.00	0.1493393	-0.001130	0.099323	0.000000
757.00	0.1483286	-0.000485	0.099334	0.000000
758.00	0.1472667	-0.001259	0.099345	0.000000
759.00	0.1460449	-0.000477	0.099355	0.000000
760.00	0.1444968	-0.002682	0.099366	0.000000
761.00	0.1438027	-0.000857	0.099377	0.000000
762.00	0.1428576	-0.001207	0.099388	0.000000
763.00	0.1416822	-0.000437	0.099399	0.000000
764.00	0.1407722	-0.000526	0.099410	0.000000
765.00	0.1398590	-0.000274	0.099421	0.000000
766.00	0.1389171	-0.000982	0.099431	0.000000
767.00	0.1379736	-0.000028	0.099442	0.000000
768.00	0.1369724	-0.001421	0.099453	0.000000
769.00	0.1359265	-0.001075	0.099464	0.000000
770.00	0.1349494	-0.000853	0.099475	0.000000
771.00	0.1339771	0.000340	0.099486	0.000000
772.00	0.1329999	-0.000553	0.099496	0.000000
773.00	0.1320228	-0.000331	0.099507	0.000000
774.00	0.1310713	-0.001355	0.099518	0.000000
775.00	0.1300925	-0.001092	0.099529	0.000000
776.00	0.1291506	-0.001466	0.099540	0.000000
777.00	0.1281895	-0.002818	0.099551	0.000000
778.00	0.1272379	-0.002317	0.099562	0.000000
779.00	0.1263200	-0.002405	0.099572	0.000000
780.00	0.1254132	-0.001867	0.099583	0.000000
781.00	0.1244713	-0.002307	0.099594	0.000000
782.00	0.1236029	-0.000757	0.099605	0.000000
783.00	0.1227345	-0.001721	0.099616	0.000000
784.00	0.1218389	-0.001482	0.099627	0.000000
785.00	0.1209657	-0.002363	0.099638	0.000000
786.00	0.1201038	-0.000675	0.099648	0.000000
787.00	0.1192594	-0.001300	0.099659	0.000000
788.00	0.1184310	0.000442	0.099670	0.000000
789.00	0.1175738	-0.000111	0.099681	0.000000
790.00	0.1167902	-0.000527	0.099673	0.000000
791.00	0.1160145	-0.000995	0.099653	0.000000
792.00	0.1152021	0.000325	0.099632	0.000000
793.00	0.1144105	-0.001366	0.099612	0.000000
794.00	0.1136733	-0.001900	0.099592	0.000000
795.00	0.1129296	-0.000980	0.099572	0.000000
796.00	0.1121924	-0.000530	0.099551	0.000000
797.00	0.1114647	-0.000665	0.099531	0.000000
798.00	0.1107611	-0.001378	0.099511	0.000000
799.00	0.1101022	-0.000684	0.099491	0.000000
800.00	0.1094113	-0.001957	0.099470	0.000000
801.00	0.1087652	-0.001323	0.099450	0.000000
802.00	0.1081079	-0.001470	0.099430	0.000000
803.00	0.1074794	-0.002045	0.099409	0.000000
804.00	0.1068765	-0.000833	0.099389	0.000000
805.00	0.1062560	-0.000860	0.099369	0.000000
806.00	0.1056979	0.000602	0.099349	0.000000
807.00	0.1051286	-0.000510	0.099328	0.000000
808.00	0.1045688	-0.001020	0.099308	0.000000
809.00	0.1040555	0.000305	0.099288	0.000000
810.00	0.1035405	0.000570	0.099268	0.000000
811.00	0.1030624	0.000751	0.099247	0.000000
812.00	0.1025650	0.000581	0.099227	0.000000
813.00	0.1020996	-0.000823	0.099207	0.000000
814.00	0.1016391	0.000663	0.099187	0.000000
815.00	0.1012312	0.002567	0.099166	0.000000
816.00	0.1008250	0.002122	0.099146	0.000000
817.00	0.1004636	0.002506	0.099126	0.000000
818.00	0.1001182	0.001024	0.099106	0.000000
819.00	0.0997839	0.001563	0.099085	0.000000
820.00	0.0995025	0.000212	0.099065	0.000000
821.00	0.0992338	0.001484	0.099045	0.000000
822.00	0.0989475	0.000128	0.099025	0.000000
823.00	0.0986645	0.000255	0.099004	0.000000
824.00	0.0984790	0.002338	0.098984	0.000000
825.00	0.0982695	0.001059	0.098964	0.000000
826.00	0.0980920	0.001419	0.098943	0.000000
827.00	0.0979560	0.000271	0.098923	0.000000
828.00	0.0978409	-0.000037	0.098903	0.000000
829.00	0.0977561	0.001488	0.098886	0.000000
830.00	0.0976554	0.001617	0.098901	0.000000
831.00	0.0976010	0.001757	0.098915	0.000000
832.00	0.0975466	-0.000445	0.098929	0.000000
833.00	0.0975658	-0.000197	0.098944	0.000000
834.00	0.0975818	-0.000271	0.098958	0.000000
835.00	0.0976010	-0.000643	0.098973	0.000000
836.00	0.0976826	-0.000997	0.098987	0.000000
837.00	0.0977337	-0.001685	0.099002	0.000000
838.00	0.0978617	-0.000788	0.099016	0.000000
839.00	0.0979704	0.000092	0.099031	0.000000
840.00	0.0980984	-0.000513	0.099045	0.000000
841.00	0.0982727	0.001869	0.099060	0.000000
842.00	0.0984598	0.000007	0.099074	0.000000
843.00	0.0987029	0.002037	0.099089	0.000000
844.00	0.0989523	0.002249	0.099103	0.000000
845.00	0.0992146	0.001036	0.099118	0.000000
846.00	0.0994945	0.001266	0.099132	0.000000
847.00	0.0998063	0.000173	0.099147	0.000000
848.00	0.1001566	-0.000205	0.099161	0.000000
849.00	0.1005212	-0.000846	0.099176	0.000000
850.00	0.1008828	0.001005	0.099190	0.000000
851.00	0.1013042	0.001384	0.099204	0.000000
852.00	0.1017333	0.000142	0.099219	0.000000
853.00	0.1021810	0.000169	0.099233	0.000000
854.00	0.1026567	0.000810	0.099248	0.000000
855.00	0.1031431	0.000826	0.099262	0.000000
856.00	0.1036429	0.000823	0.099277	0.000000
857.00	0.1041546	0.000541	0.099291	0.000000
858.00	0.1047000	0.001015	0.099306	0.000000
859.00	0.1052933	-0.000853	0.099320	0.000000
860.00	0.1058745	0.000211	0.099335	0.000000
861.00	0.1064539	0.001234	0.099349	0.000000
862.00	0.1070860	-0.000438	0.099364	0.000000
863.00	0.1077258	-0.000959	0.099378	0.000000
864.00	0.1083378	0.000922	0.099393	0.000000
865.00	0.1090442	0.000770	0.099407	0.000000
866.00	0.1097151	0.000160	0.099422	0.000000
867.00	0.1103996	0.001105	0.099436	0.000000
868.00	0.1111094	0.000341	0.099425	0.000000
869.00	0.1118112	0.000947	0.099397	0.000000
870.00	0.1125270	-0.000462	0.099370	0.000000
871.00	0.1133518	0.001926	0.099343	0.000000
872.00	0.1140875	0.000445	0.099315	0.000000
873.00	0.1148279	0.001360	0.099288	0.000000
874.00	0.1156403	0.000500	0.099261	0.000000
875.00	0.1163972	-0.000564	0.099233	0.000000
876.00	0.1171933	-0.000060	0.099206	0.000000
877.00	0.1180469	0.000695	0.099179	0.000000
878.00	0.1188340	0.001247	0.099151	0.000000
879.00	0.1196334	0.000398	0.099124	0.000000
880.00	0.1205134	-0.000075	0.099097	0.000000
881.00	0.1213685	-0.000221	0.099069	0.000000
882.00	0.1222082	-0.000045	0.099042	0.000000
883.00	0.1231347	0.000221	0.099015	0.000000
884.00	0.1239883	-0.000312	0.098987	0.000000
885.00	0.1248652	-0.000076	0.098960	0.000000
886.00	0.1257669	0.001311	0.098932	0.000000
887.00	0.1266345	0.002196	0.098905	0.000000
888.00	0.1275206	0.000883	0.098878	0.000000
889.00	0.1284285	-0.000944	0.098850	0.000000
890.00	0.1293286	0.000270	0.098823	0.000000
891.00	0.1302303	0.001459	0.098796	0.000000
892.00	0.1311753	0.000312	0.098768	0.000000
893.00	0.1320305	0.001150	0.098741	0.000000
894.00	0.1329585	0.000844	0.098714	0.000000
895.00	0.1338555	0.000895	0.098686	0.000000
896.00	0.1347340	0.000470	0.098659	0.000000
897.00	0.1357007	-0.000051	0.098632	0.000000
898.00	0.1365621	-0.000042	0.098604	0.000000
899.00	0.1374312	-0.000229	0.098577	0.000000
900.00	0.1384646	-0.000697	0.098550	0.000000
901.00	0.1393833	0.001393	0.098522	0.000000
902.00	0.1402942	0.001420	0.098495	0.000000
903.00	0.1413353	0.001728	0.098467	0.000000
904.00	0.1422277	0.000927	0.098440	0.000000
905.00	0.1431511	0.001401	0.098413	0.000000
906.00	0.1440310	-0.000282	0.098385	0.000000
907.00	0.1447979	-0.000320	0.098382	0.000000
908.00	0.1457414	0.001357	0.098415	0.000000
909.00	0.1466276	0.001788	0.098449	0.000000
910.00	0.1475246	0.001671	0.098483	0.000000
911.00	0.1484635	0.001453	0.098516	0.000000
912.00	0.1493031	0.000472	0.098550	0.000000
913.00	0.1501258	0.001392	0.098583	0.000000
914.00	0.1510523	0.000452	0.098617	0.000000
915.00	0.1518517	0.000174	0.098650	0.000000
916.00	0.1527936	0.000373	0.098684	0.000000
917.00	0.1536209	0.000971	0.098717	0.000000
918.00	0.1544808	0.000449	0.098751	0.000000
919.00	0.1553623	0.000380	0.098785	0.000000
920.00	0.1561803	0.000346	0.098818	0.000000
921.00	0.1570603	0.000742	0.098852	0.000000
922.00	0.1578891	0.000541	0.098885	0.000000
923.00	0.1587118	0.000692	0.098919	0.000000
924.00	0.1595468	0.000957	0.098953	0.000000
925.00	0.1602920	-0.000132	0.098986	0.000000
926.00	0.1611611	-0.000106	0.099020	0.000000
927.00	0.1619141	0.000618	0.099053	0.000000
928.00	0.1626345	0.001430	0.099087	0.000000
929.00	0.1633673	0.000449	0.099120	0.000000
930.00	0.1639142	0.002430	0.099154	0.000000
931.00	0.1642271	0.000167	0.099188	0.000000
932.00	0.1648685	-0.000695	0.099221	0.000000
933.00	0.1655486	0.001382	0.099255	0.000000
934.00	0.1653751	-0.000476	0.099288	0.000000
935.00	0.1665649	0.000409	0.099322	0.000000
936.00	0.1674883	0.001567	0.099356	0.000000
937.00	0.1676553	0.000705	0.099389	0.000000
938.00	0.1684101	-0.000491	0.099423	0.000000
939.00	0.1696751	0.000286	0.099456	0.000000
940.00	0.1701341	-0.000224	0.099490	0.000000
941.00	0.1705563	-0.000556	0.099523	0.000000
942.00	0.1705451	-0.001102	0.099557	0.000000
943.00	0.1710776	-0.000796	0.099590	0.000000
944.00	0.1714214	0.000053	0.099624	0.000000
945.00	0.1726481	-0.000386	0.099658	0.000000
946.00	0.1732298	-0.000598	0.099792	0.000000
947.00	0.1741563	-0.000956	0.099846	0.000000
948.00	0.1745746	-0.000092	0.099900	0.000000
949.00	0.1751788	-0.000592	0.099953	0.000000
950.00	0.1759395	0.000302	0.100007	0.000000
951.00	0.1768721	-0.000575	0.100061	0.000000
952.00	0.1770286	-0.002422	0.100114	0.000000
953.00	0.1781611	-0.000229	0.100168	0.000000
954.00	0.1783857	-0.001964	0.100222	0.000000
955.00	0.1791480	-0.000825	0.100275	0.000000
956.00	0.1795919	-0.000181	0.100329	0.000000
957.00	0.1803947	0.000093	0.100383	0.000000
958.00	0.1807785	0.000182	0.100436	0.000000
959.00	0.1812193	-0.000259	0.100490	0.000000
960.00	0.1818500	-0.001105	0.100544	0.000000
961.00	0.1822514	-0.000193	0.100598	0.000000
962.00	0.1826113	-0.000813	0.100651	0.000000
963.00	0.1831214	-0.000307	0.100705	0.000000
964.00	0.1834477	0.000188	0.100759	0.000000
965.00	0.1839290	0.000742	0.100812	0.000000
966.00	0.1842264	-0.000557	0.100866	0.000000
967.00	0.1846487	-0.001481	0.100920	0.000000
968.00	0.1849045	-0.000939	0.100973	0.000000
969.00	0.1853108	-0.002381	0.101027	0.000000
970.00	0.1855474	-0.000820	0.101081	0.000000
971.00	0.1857889	0.000056	0.101135	0.000000
972.00	0.1860288	-0.000152	0.101188	0.000000
973.00	0.1862048	-0.001106	0.101242	0.000000
974.00	0.1863662	-0.000302	0.101296	0.000000
975.00	0.1865214	0.001093	0.101349	0.000000
976.00	0.1867245	0.000616	0.101403	0.000000
977.00	0.1869580	0.000092	0.101457	0.000000
978.00	0.1869804	-0.001261	0.101510	0.000000
979.00	0.1870715	-0.001416	0.101564	0.000000
980.00	0.1871291	-0.001279	0.101618	0.000000
981.00	0.1871867	-0.002054	0.101671	0.000000
982.00	0.1871643	-0.001673	0.101725	0.000000
983.00	0.1870827	-0.000665	0.101779	0.000000
984.00	0.1870331	-0.000606	0.101832	0.000000
985.00	0.1868972	-0.001673	0.101928	0.000000
986.00	0.1868220	-0.000587	0.101927	0.000000
987.00	0.1865805	-0.002296	0.101926	0.000000
988.00	0.1863630	-0.001848	0.101924	0.000000
989.00	0.1861264	-0.000994	0.101923	0.000000
990.00	0.1857665	-0.001226	0.101922	0.000000
991.00	0.1854723	-0.001606	0.101920	0.000000
992.00	0.1850581	-0.001670	0.101919	0.000000
993.00	0.1847014	-0.001186	0.101918	0.000000
994.00	0.1842265	-0.001328	0.101916	0.000000
995.00	0.1838075	-0.002232	0.101915	0.000000
996.00	0.1833117	-0.002016	0.101914	0.000000
997.00	0.1828208	-0.001497	0.101913	0.000000
998.00	0.1822178	-0.002461	0.101911	0.000000
999.00	0.1816277	-0.002036	0.101910	0.000000
1000.00	0.1809864	-0.001981	0.101909	0.000000
1001.00	0.1803563	-0.001289	0.101907	0.000000
1002.00	0.1796383	-0.000119	0.101906	0.000000
1003.00	0.1789618	-0.000154	0.101905	0.000000
1004.00	0.1781942	0.000193	0.101903	0.000000
1005.00	0.1774761	-0.000962	0.101902	0.000000
1006.00	0.1766189	0.000637	0.101901	0.000000
1007.00	0.1758161	-0.000095	0.101899	0.000000
1008.00	0.1748502	0.000062	0.101898	0.000000
1009.00	0.1739466	-0.000813	0.101897	0.000000
1010.00	0.1729023	-0.000580	0.101896	0.000000
1011.00	0.1719316	0.000048	0.101894	0.000000
1012.00	0.1708377	-0.000267	0.101893	0.000000
1013.00	0.1697199	0.000002	0.101892	0.000000
1014.00	0.1685620	0.000683	0.101890	0.000000
1015.00	0.1673786	-0.000776	0.101889	0.000000
1016.00	0.1661808	-0.000667	0.101888	0.000000
1017.00	0.1649494	0.000800	0.101886	0.000000
1018.00	0.1636524	-0.000754	0.101885	0.000000
1019.00	0.1623026	-0.000461	0.101884	0.000000
1020.00	0.1609705	0.000250	0.101883	0.000000
1021.00	0.1594960	-0.000154	0.101881	0.000000
1022.00	0.1580935	-0.000963	0.101880	0.000000
1023.00	0.1564766	-0.000730	0.101879	0.000000
1024.00	0.1549750	0.000439	0.101855	0.000000
1025.00	0.1533006	0.000246	0.101839	0.000000
1026.00	0.1517141	-0.001127	0.101824	0.000000
1027.00	0.1499710	-0.001094	0.101808	0.000000
1028.00	0.1483206	-0.003027	0.101792	0.000000
1029.00	0.1464863	-0.001355	0.101777	0.000000
1030.00	0.1446887	-0.001411	0.101761	0.000000
1031.00	0.1428080	-0.001681	0.101745	0.000000
1032.00	0.1409401	-0.002786	0.101730	0.000000
1033.00	0.1391394	-0.002669	0.101714	0.000000
1034.00	0.1371547	-0.002189	0.101699	0.000000
1035.00	0.1352980	-0.002227	0.101683	0.000000
1036.00	0.1331887	-0.001061	0.101667	0.000000
1037.00	0.1312360	-0.000509	0.101652	0.000000
1038.00	0.1291074	-0.000773	0.101636	0.000000
1039.00	0.1270444	-0.001389	0.101620	0.000000
1040.00	0.1249526	-0.000110	0.101605	0.000000
1041.00	0.1228432	0.000299	0.101589	0.000000
1042.00	0.1209210	-0.000573	0.101574	0.000000
1043.00	0.1186772	-0.000814	0.101558	0.000000
1044.00	0.1166798	-0.001114	0.101542	0.000000
1045.00	0.1145560	0.000254	0.101527	0.000000
1046.00	0.1124930	0.000467	0.101511	0.000000
1047.00	0.1103469	0.000232	0.101495	0.000000
1048.00	0.1082407	-0.000509	0.101480	0.000000
1049.00	0.1062001	-0.000422	0.101464	0.000000
1050.00	0.1040539	-0.000383	0.101448	0.000000
1051.00	0.1020085	-0.000099	0.101433	0.000000
1052.00	0.0998479	0.000143	0.101417	0.000000
1053.00	0.0978041	0.001142	0.101402	0.000000
1054.00	0.0957699	0.000925	0.101386	0.000000
1055.00	0.0935390	0.001019	0.101370	0.000000
1056.00	0.0915031	0.000915	0.101355	0.000000
1057.00	0.0892178	-0.000184	0.101339	0.000000
1058.00	0.0869501	0.000219	0.101323	0.000000
1059.00	0.0846728	0.001874	0.101308	0.000000
1060.00	0.0822004	0.001299	0.101292	0.000000
1061.00	0.0799087	0.000945	0.101277	0.000000
1062.00	0.0777322	-0.000529	0.101261	0.000000
1063.00	0.0758915	-0.000635	0.101271	0.000000
1064.00	0.0742187	-0.000818	0.101299	0.000000
1065.00	0.0725746	0.001103	0.101327	0.000000
1066.00	0.0710714	0.000986	0.101355	0.000000
1067.00	0.0694769	0.001053	0.101383	0.000000
1068.00	0.0679769	0.000358	0.101411	0.000000
1069.00	0.0665807	-0.000439	0.101440	0.000000
1070.00	0.0650327	0.000421	0.101468	0.000000
1071.00	0.0636174	-0.001157	0.101496	0.000000
1072.00	0.0621669	-0.001757	0.101524	0.000000
1073.00	0.0607292	0.000426	0.101552	0.000000
1074.00	0.0593880	-0.001545	0.101580	0.000000
1075.00	0.0579535	-0.001359	0.101608	0.000000
1076.00	0.0565735	-0.000290	0.101636	0.000000
1077.00	0.0552918	-0.000408	0.101664	0.000000
1078.00	0.0539037	-0.000841	0.101692	0.000000
1079.00	0.0526592	-0.001841	0.101720	0.000000
1080.00	0.0513455	-0.002119	0.101748	0.000000
1081.00	0.0500814	-0.001760	0.101776	0.000000
1082.00	0.0489251	-0.000888	0.101804	0.000000
1083.00	0.0476738	-0.002650	0.101833	0.000000
1084.00	0.0464873	-0.003048	0.101861	0.000000
1085.00	0.0453747	-0.001807	0.101889	0.000000
1086.00	0.0441794	-0.002884	0.101917	0.000000
1087.00	0.0430554	-0.002274	0.101945	0.000000
1088.00	0.0419923	-0.000991	0.101973	0.000000
1089.00	0.0408695	-0.001531	0.102001	0.000000
1090.00	0.0397965	-0.001482	0.102029	0.000000
1091.00	0.0388265	-0.002583	0.102057	0.000000
1092.00	0.0377123	-0.002325	0.102085	0.000000
1093.00	0.0366990	-0.002359	0.102113	0.000000
1094.00	0.0357439	-0.001278	0.102141	0.000000
1095.00	0.0347002	-0.001008	0.102169	0.000000
1096.00	0.0337194	-0.000101	0.102198	0.000000
1097.00	0.0328072	-0.000826	0.102226	0.000000
1098.00	0.0318047	-0.000181	0.102254	0.000000
1099.00	0.0308915	-0.001085	0.102282	0.000000
1100.00	0.0300430	-0.000797	0.102310	0.000000
1101.00	0.0291730	-0.000849	0.102338	0.000000
1102.00	0.0647768	-0.000591	0.102312	0.000000
1103.00	0.0636139	-0.001646	0.102276	0.000000
1104.00	0.0623570	-0.002474	0.102240	0.000000
1105.00	0.0611766	-0.000734	0.102205	0.000000
1106.00	0.0599876	-0.001359	0.102169	0.000000
1107.00	0.0587713	-0.000483	0.102133	0.000000
1108.00	0.0576232	-0.000918	0.102097	0.000000
1109.00	0.0564856	-0.000155	0.102061	0.000000
1110.00	0.0553425	-0.000388	0.102026	0.000000
1111.00	0.0541461	-0.000960	0.101990	0.000000
1112.00	0.0530009	-0.000930	0.101954	0.000000
1113.00	0.0517921	-0.001526	0.101918	0.000000
1114.00	0.0506556	-0.001556	0.101882	0.000000
1115.00	0.0494452	-0.000286	0.101847	0.000000
1116.00	0.0482943	-0.000280	0.101811	0.000000
1117.00	0.0470942	-0.000006	0.101775	0.000000
1118.00	0.0461513	-0.000662	0.101739	0.000000
1119.00	0.0449550	-0.000066	0.101703	0.000000
1120.00	0.0438188	-0.000072	0.101668	0.000000
1121.00	0.0428502	-0.000018	0.101632	0.000000
1122.00	0.0414041	0.000513	0.101596	0.000000
1123.00	0.0405490	-0.000662	0.101560	0.000000
1124.00	0.0396903	-0.000024	0.101524	0.000000
1125.00	0.0386016	0.000334	0.101489	0.000000
1126.00	0.0376196	-0.001430	0.101453	0.000000
1127.00	0.0369710	-0.001365	0.101417	0.000000
1128.00	0.0357943	-0.001067	0.101381	0.000000
1129.00	0.0349071	-0.000590	0.101345	0.000000
1130.00	0.0339386	-0.000721	0.101310	0.000000
1131.00	0.0332916	-0.000667	0.101274	0.000000
1132.00	0.0323234	-0.001633	0.101238	0.000000
1133.00	0.0312733	-0.001257	0.101202	0.000000
1134.00	0.0298777	-0.002074	0.101167	0.000000
1135.00	0.0287364	0.000352	0.101131	0.000000
1136.00	0.0282625	0.001204	0.101095	0.000000
1137.00	0.0276945	0.000418	0.101059	0.000000
1138.00	0.0267782	0.000179	0.101023	0.000000
1139.00	0.0260144	-0.000518	0.100988	0.000000
1140.00	0.0252269	-0.000713	0.100920	-0.000000
1141.00	0.0242871	-0.000801	0.100919	-0.000000
1142.00	0.0235787	-0.000215	0.100917	-0.000000
1143.00	0.0228362	0.000400	0.100916	-0.000000
1144.00	0.0218728	0.000509	0.100914	-0.000000
1145.00	0.0211349	-0.000109	0.100912	-0.000000
1146.00	0.0203735	-0.000161	0.100911	-0.000000
1147.00	0.0195838	0.000866	0.100909	-0.000000
1148.00	0.0190109	0.000212	0.100908	-0.000000
1149.00	0.0182215	0.000887	0.100906	-0.000000
1150.00	0.0174695	0.000358	0.100904	-0.000000
1151.00	0.0168485	0.001432	0.100903	-0.000000
1152.00	0.0160925	0.001440	0.100901	-0.000000
1153.00	0.0154378	0.000559	0.100900	-0.000000
1154.00	0.0147819	0.002450	0.100898	-0.000000
1155.00	0.0141548	0.002208	0.100897	-0.000000
1156.00	0.0134897	0.000791	0.100895	-0.000000
1157.00	0.0128643	0.001794	0.100893	-0.000000
1158.00	0.0122360	0.002200	0.100892	-0.000000
1159.00	0.0116519	0.001642	0.100890	-0.000000
1160.00	0.0110463	0.002072	0.100889	-0.000000
1161.00	0.0104692	0.002074	0.100887	-0.000001
1162.00	0.0099053	0.001056	0.100885	-0.000001
1163.00	0.0093723	0.001219	0.100884	-0.000001
1164.00	0.0088408	0.000726	0.100882	-0.000001
1165.00	0.0083134	0.001079	0.100881	-0.000001
1166.00	0.0078297	0.001993	0.100879	-0.000001
1167.00	0.0073703	0.001565	0.100877	-0.000001
1168.00	0.0069239	0.000899	0.100876	-0.000001
1169.00	0.0064600	0.002242	0.100874	-0.000001
1170.00	0.0060181	0.002053	0.100873	-0.000001
1171.00	0.0055676	0.000445	0.100871	-0.000001
1172.00	0.0051042	0.000160	0.100869	-0.000001
1173.00	0.0046345	-0.000118	0.100868	-0.000001
1174.00	0.0041234	-0.000546	0.100866	-0.000001
1175.00	0.0035959	0.000433	0.100865	-0.000001
1176.00	0.0030764	-0.000441	0.100863	-0.000001
1177.00	0.0025622	-0.000440	0.100862	-0.000001
1178.00	0.0021287	0.000611	0.100860	-0.000001
1179.00	0.0017801	-0.001275	0.100928	-0.000001
1180.00	0.0015538	-0.001106	0.100979	-0.000001
1181.00	0.0013969	-0.002683	0.101031	-0.000001
1182.00	0.0012825	-0.002264	0.101082	-0.000001
1183.00	0.0011839	-0.002208	0.101134	-0.000001
1184.00	0.0011079	-0.001020	0.101185	-0.000001
1185.00	0.0010412	-0.001333	0.101237	-0.000001
1186.00	0.0009822	-0.000515	0.101288	-0.000001
1187.00	0.0009291	-0.001544	0.101340	-0.000001
1188.00	0.0008754	-0.000284	0.101391	-0.000001
1189.00	0.0008309	0.000541	0.101443	-0.000001
1190.00	0.0007891	-0.000053	0.101494	-0.000001
1191.00	0.0007495	0.000432	0.101546	-0.000001
1192.00	0.0007115	0.000690	0.101597	-0.000001
1193.00	0.0006765	0.000728	0.101649	-0.000001
1194.00	0.0006435	0.000784	0.101700	-0.000001
1195.00	0.0006134	-0.000919	0.101752	-0.000001
1196.00	0.0005841	0.001134	0.101803	-0.000001
1197.00	0.0005551	0.001190	0.101855	-0.000001
1198.00	0.0005275	-0.000084	0.101906	-0.000001
1199.00	0.0005018	0.000908	0.101958	-0.000001
1200.00	0.0004771	-0.000258	0.102009	-0.000001
