Bentham+Kilukarp+B487 datafile
2024-11-14 17:22:52
Slits: 1.000
Avg: 1
Comment: Testskaneerimine slot 3_0 (r')

00:00:03	-0.000000	0.096112	23.6	-1.6	4.5
00:02:06	-0.000000	0.100136	23.6	-1.6	4.5

nm	b487	kilu
300.00	-0.0000005	0.003691	0.096445	-0.000000
305.00	-0.0000010	0.000098	0.096461	-0.000000
310.00	-0.0000005	0.001422	0.096478	-0.000000
315.00	0.0000000	-0.001159	0.096675	-0.000000
320.00	-0.0000005	0.003742	0.096692	-0.000000
325.00	-0.0000005	0.002235	0.096709	-0.000000
330.00	-0.0000017	0.003112	0.096726	-0.000000
335.00	-0.0000010	0.001754	0.096743	-0.000000
340.00	-0.0000005	-0.000647	0.096760	-0.000000
345.00	-0.0000002	0.004253	0.096777	-0.000000
350.00	0.0000000	-0.000979	0.096793	-0.000000
355.00	0.0000000	0.004965	0.096810	-0.000000
360.00	-0.0000002	0.004352	0.096827	-0.000000
365.00	-0.0000005	0.002845	0.096844	-0.000000
370.00	-0.0000007	-0.001642	0.096861	-0.000000
375.00	-0.0000010	-0.001212	0.096878	-0.000000
380.00	-0.0000005	0.003092	0.096895	-0.000000
385.00	-0.0000005	0.005161	0.096912	-0.000000
390.00	0.0000000	0.004250	0.096928	-0.000000
395.00	0.0000000	0.003489	0.096945	-0.000000
400.00	-0.0000010	0.000595	0.097007	-0.000000
405.00	-0.0000010	0.001622	0.097024	-0.000000
410.00	-0.0000005	-0.000183	0.097041	-0.000000
415.00	0.0000000	0.002631	0.097058	-0.000000
420.00	0.0000000	0.002763	0.097075	-0.000000
425.00	0.0000000	-0.000830	0.097092	-0.000000
430.00	-0.0000002	0.004219	0.097108	-0.000000
435.00	-0.0000005	0.003308	0.097125	-0.000000
440.00	-0.0000017	0.002398	0.097142	-0.000000
445.00	-0.0000007	0.005510	0.097159	-0.000000
450.00	-0.0000005	0.003407	0.097176	-0.000000
455.00	0.0000000	0.006966	0.097193	-0.000000
460.00	0.0000000	0.002032	0.097210	-0.000000
465.00	0.0000010	0.006634	0.097227	-0.000000
470.00	0.0000020	0.003637	0.097244	-0.000000
475.00	-0.0000005	0.009879	0.097260	-0.000000
480.00	-0.0000005	0.002262	0.097277	-0.000000
485.00	-0.0000005	0.000904	0.097294	-0.000000
490.00	0.0000020	0.001335	0.097311	-0.000000
495.00	0.0000030	0.004298	0.097328	-0.000000
500.00	0.0000010	-0.001232	0.097345	-0.000000
505.00	0.0000005	0.003668	0.097362	-0.000000
510.00	-0.0000005	-0.000968	0.097379	-0.000000
515.00	0.0000050	-0.001730	0.097395	-0.000000
520.00	0.0000050	0.004959	0.097412	-0.000000
525.00	0.0000040	0.002260	0.097429	-0.000000
530.00	0.0000022	0.002243	0.097446	-0.000000
535.00	0.0000030	0.002375	0.097463	-0.000000
540.00	0.0000060	0.001464	0.097480	-0.000000
545.00	0.0000199	-0.002427	0.097497	-0.000000
550.00	0.0001069	0.001877	0.097514	-0.000000
555.00	0.0008475	0.003648	0.097531	-0.000000
560.00	0.0083930	-0.002031	0.097547	-0.000000
565.00	0.0647984	0.203279	0.097576	-0.000000
570.00	0.1407471	0.200718	0.097604	-0.000000
575.00	0.1652873	0.003260	0.097621	-0.000000
580.00	0.1727733	0.002200	0.097637	-0.000000
585.00	0.1799123	0.000395	0.097654	-0.000000
590.00	0.1807550	0.004402	0.097671	-0.000000
595.00	0.1798379	-0.002172	0.097688	-0.000000
600.00	0.1819449	-0.001145	0.097705	-0.000000
605.00	0.1838040	0.002712	0.097722	-0.000000
610.00	0.1845476	-0.000881	0.097739	-0.000000
615.00	0.1871999	0.004764	0.097756	-0.000000
620.00	0.1869769	0.002512	0.097772	-0.000000
625.00	0.1865802	0.003241	0.097789	-0.000000
630.00	0.1850186	0.002032	0.097806	-0.000000
635.00	0.1839031	0.005740	0.097823	-0.000000
640.00	0.1849442	0.000806	0.097840	-0.000000
645.00	0.1839775	0.002279	0.097857	-0.000000
650.00	0.1824902	0.002411	0.097874	-0.000000
655.00	0.1801106	-0.002821	0.097891	-0.000000
660.00	0.1772847	0.001483	0.097908	-0.000000
665.00	0.1767146	0.002807	0.097924	-0.000000
670.00	0.1747315	-0.000935	0.097941	-0.000000
675.00	0.1724263	-0.002293	0.097958	-0.000000
680.00	0.1781771	0.003502	0.097975	-0.000000
685.00	0.1758222	0.001697	0.097992	-0.000000
690.00	0.1300882	-0.001002	0.098009	-0.000000
695.00	0.0364832	0.198049	0.098037	-0.000000
700.00	0.0062271	0.000249	0.098099	-0.000000
705.00	0.0012334	0.203920	0.098127	-0.000000
710.00	0.0002956	0.004525	0.098144	-0.000000
715.00	0.0000863	0.000187	0.098161	-0.000000
720.00	0.0000299	0.003299	0.098178	-0.000000
725.00	0.0000117	0.002388	0.098194	-0.000000
730.00	0.0000050	0.002073	0.098211	-0.000000
735.00	0.0000015	0.007123	0.098228	-0.000000
740.00	0.0000005	0.001444	0.098245	-0.000000
745.00	0.0000000	0.001576	0.098262	-0.000000
750.00	0.0000002	0.000814	0.098279	-0.000000
755.00	0.0000002	0.000499	0.098296	-0.000000
760.00	0.0000000	-0.000561	0.098313	-0.000000
765.00	0.0000000	-0.000876	0.098330	-0.000000
770.00	-0.0000005	0.003876	0.098346	-0.000000
775.00	-0.0000005	0.002965	0.098363	-0.000000
780.00	-0.0000005	0.002501	0.098380	-0.000000
785.00	-0.0000005	0.000696	0.098397	-0.000000
790.00	0.0000000	-0.000513	0.098414	-0.000000
795.00	0.0000000	0.000811	0.098431	-0.000000
800.00	0.0000005	-0.001143	0.098448	-0.000000
805.00	0.0000000	0.003161	0.098465	-0.000000
810.00	-0.0000005	0.001058	0.098481	-0.000000
815.00	-0.0000005	0.003277	0.098498	-0.000000
820.00	-0.0000005	0.001174	0.098515	-0.000000
825.00	-0.0000012	0.005925	0.098532	-0.000000
830.00	0.0000007	0.006355	0.098549	-0.000000
835.00	0.0000000	-0.000218	0.098566	-0.000000
840.00	0.0000000	-0.000533	0.098583	-0.000000
845.00	0.0000000	0.000195	0.098600	-0.000000
850.00	-0.0000005	0.005841	0.098617	-0.000000
855.00	0.0000000	0.002247	0.098633	-0.000000
860.00	-0.0000005	0.002380	0.098650	-0.000000
865.00	-0.0000005	-0.000916	0.098667	-0.000000
870.00	-0.0000005	0.001601	0.098684	-0.000000
875.00	0.0000000	0.003372	0.098701	-0.000000
880.00	0.0000000	-0.000668	0.098718	-0.000000
885.00	0.0000000	0.003338	0.098735	-0.000000
890.00	-0.0000005	-0.003831	0.098752	-0.000000
895.00	-0.0000005	0.003454	0.098768	-0.000000
900.00	-0.0000007	0.000754	0.098785	-0.000000
905.00	-0.0000005	0.001632	0.098802	-0.000000
910.00	-0.0000005	0.005489	0.098819	-0.000000
915.00	0.0000000	0.001449	0.098836	-0.000000
920.00	0.0000000	0.000836	0.098853	-0.000000
925.00	0.0000000	0.000819	0.098870	-0.000000
930.00	0.0000005	0.000057	0.098887	-0.000000
935.00	0.0000020	0.001232	0.098903	-0.000000
940.00	0.0000055	0.001960	0.098920	-0.000000
945.00	0.0000030	0.004179	0.098937	-0.000000
950.00	0.0000010	0.001778	0.098954	-0.000000
955.00	0.0000005	0.003102	0.098971	-0.000000
960.00	0.0000005	-0.002577	0.098988	-0.000000
965.00	0.0000005	-0.001551	0.099005	-0.000000
970.00	0.0000005	0.002753	0.099022	-0.000000
975.00	0.0000000	0.004078	0.099039	-0.000000
980.00	-0.0000005	0.002421	0.099055	-0.000000
985.00	-0.0000005	-0.000129	0.099072	-0.000000
990.00	-0.0000005	-0.002381	0.099089	-0.000000
995.00	0.0000000	0.005947	0.099106	-0.000000
1000.00	0.0000000	0.004142	0.099123	-0.000000
1005.00	0.0000000	0.000251	0.099140	-0.000000
1010.00	0.0000000	-0.002150	0.099157	-0.000000
1015.00	-0.0000005	0.001111	0.099174	-0.000000
1020.00	-0.0000007	-0.003227	0.099190	-0.000000
1025.00	-0.0000017	0.001972	0.099207	-0.000000
1030.00	-0.0000005	-0.001771	0.099224	-0.000000
1035.00	0.0000000	-0.002682	0.099241	-0.000000
1040.00	0.0000000	-0.000165	0.099258	-0.000000
1045.00	0.0000000	-0.003460	0.099275	-0.000000
1050.00	0.0000000	0.002483	0.099292	-0.000000
1055.00	-0.0000005	-0.000067	0.099309	-0.000000
1060.00	-0.0000005	0.001406	0.099326	-0.000000
1065.00	0.0000000	0.001985	0.099342	-0.000000
1070.00	0.0000005	0.002565	0.099359	-0.000000
1075.00	0.0000005	-0.002817	0.099376	-0.000000
1080.00	0.0000000	0.001786	0.099393	-0.000000
1085.00	0.0000000	0.005941	0.099410	-0.000000
1090.00	0.0000000	-0.001228	0.099427	-0.000000
1095.00	-0.0000005	0.001586	0.099444	-0.000000
1100.00	-0.0000005	-0.004391	0.099461	-0.000000
1105.00	0.0000000	-0.001923	0.099674	-0.000000
1110.00	0.0000000	-0.002685	0.099691	-0.000000
1115.00	0.0000000	-0.004490	0.099708	-0.000000
1120.00	-0.0000002	-0.005103	0.099725	-0.000000
1125.00	-0.0000015	-0.001543	0.099742	-0.000000
1130.00	-0.0000005	0.003208	0.099759	-0.000000
1135.00	-0.0000002	-0.001577	0.099776	-0.000000
1140.00	0.0000000	0.000194	0.099793	-0.000000
1145.00	0.0000005	0.001369	0.099809	-0.000000
1150.00	0.0000010	-0.003118	0.099826	-0.000000
1155.00	0.0000015	-0.002688	0.099843	-0.000000
1160.00	0.0000025	-0.004344	0.099860	-0.000000
1165.00	0.0000045	-0.001529	0.099877	-0.000000
1170.00	0.0000130	-0.005122	0.099894	-0.000000
1175.00	0.0000484	-0.001265	0.099911	-0.000000
1180.00	0.0000309	-0.004560	0.099928	-0.000000
1185.00	0.0000097	-0.004130	0.099944	-0.000000
1190.00	0.0000060	0.001069	0.099961	-0.000000
1195.00	0.0000050	-0.006995	0.099978	-0.000000
1200.00	0.0000055	-0.005373	0.099995	-0.000000
