Bentham+Kilukarp+B487 datafile
2024-11-14 16:59:22
Slits: 1.000
Avg: 1
Comment: Testskaneerimine slot 0_0 (tyhi)

00:00:03	-0.000001	0.098795	23.5	-1.6	4.5
00:02:06	-0.000001	0.098050	23.5	-1.6	4.5

nm	b487	kilu
300.00	0.0012192	0.003340	0.098733	-0.000001
305.00	0.0013667	0.000065	0.098730	-0.000001
310.00	0.0015133	-0.000379	0.098727	-0.000001
315.00	0.0006373	-0.003174	0.098691	-0.000001
320.00	0.0008325	-0.006300	0.098687	-0.000001
325.00	0.0010723	-0.000337	0.098684	-0.000001
330.00	0.0013692	0.002945	0.098681	-0.000001
335.00	0.0017361	-0.001672	0.098678	-0.000001
340.00	0.0021836	-0.000029	0.098675	-0.000001
345.00	0.0027282	0.002209	0.098672	-0.000001
350.00	0.0033804	0.000424	0.098669	-0.000001
355.00	0.0041489	0.002662	0.098666	-0.000001
360.00	0.0050543	0.002069	0.098662	-0.000001
365.00	0.0061172	0.002818	0.098659	-0.000001
370.00	0.0073915	0.003417	0.098656	-0.000001
375.00	0.0089215	0.198478	0.098651	-0.000001
380.00	0.0107254	-0.000449	0.098648	-0.000001
385.00	0.0127985	0.000299	0.098645	-0.000001
390.00	0.0151406	0.000302	0.098642	-0.000001
395.00	0.0177992	-0.001334	0.098638	-0.000001
400.00	0.0171065	-0.004005	0.098627	-0.000001
405.00	0.0202659	0.001214	0.098624	-0.000001
410.00	0.0240881	-0.000124	0.098621	-0.000001
415.00	0.0281470	-0.001760	0.098618	-0.000001
420.00	0.0323106	0.001223	0.098615	-0.000001
425.00	0.0368030	0.003760	0.098611	-0.000001
430.00	0.0423245	0.002124	0.098608	-0.000001
435.00	0.0445869	-0.001003	0.098605	-0.000001
440.00	0.0459897	0.000789	0.098602	-0.000001
445.00	0.0472580	0.001984	0.098599	-0.000001
450.00	0.0493086	-0.000099	0.098596	-0.000001
455.00	0.0532329	0.000202	0.098593	-0.000001
460.00	0.0596863	-0.003967	0.098589	-0.000001
465.00	0.0676895	-0.001431	0.098586	-0.000001
470.00	0.0760091	0.002745	0.098583	-0.000001
475.00	0.0839450	0.002152	0.098580	-0.000001
480.00	0.0913205	0.195276	0.098575	-0.000001
485.00	0.0979141	0.001266	0.098572	-0.000001
490.00	0.1040616	0.002759	0.098569	-0.000001
495.00	0.1099116	0.001272	0.098566	-0.000001
500.00	0.1154145	-0.001109	0.098562	-0.000001
505.00	0.1206944	-0.002000	0.098559	-0.000001
510.00	0.1257759	-0.000357	0.098556	-0.000001
515.00	0.1307335	-0.001397	0.098553	-0.000001
520.00	0.1355920	0.000841	0.098550	-0.000001
525.00	0.1402273	0.000099	0.098547	-0.000001
530.00	0.1446644	0.000251	0.098544	-0.000001
535.00	0.1489032	-0.001981	0.098541	-0.000001
540.00	0.1530180	-0.000488	0.098537	-0.000001
545.00	0.1569593	-0.005700	0.098534	-0.000001
550.00	0.1605535	-0.001674	0.098531	-0.000001
555.00	0.1640487	0.001310	0.098528	-0.000001
560.00	0.1672711	0.001462	0.098525	-0.000001
565.00	0.1702705	-0.001068	0.098522	-0.000001
570.00	0.1729723	-0.000320	0.098519	-0.000001
575.00	0.1754511	0.005346	0.098515	-0.000001
580.00	0.1776821	0.001325	0.098512	-0.000001
585.00	0.1795412	-0.000162	0.098509	-0.000001
590.00	0.1812020	-0.000754	0.098506	-0.000001
595.00	0.1826149	0.000739	0.098503	-0.000001
600.00	0.1837303	0.000146	0.098500	-0.000001
605.00	0.1845731	-0.002533	0.098497	-0.000001
610.00	0.1852920	0.001493	0.098494	-0.000001
615.00	0.1856886	-0.004166	0.098490	-0.000001
620.00	0.1857630	0.001052	0.098487	-0.000001
625.00	0.1858125	-0.000882	0.098484	-0.000001
630.00	0.1854407	0.001059	0.098481	-0.000001
635.00	0.1849697	-0.001173	0.098478	-0.000001
640.00	0.1843252	0.000469	0.098475	-0.000001
645.00	0.1833833	-0.004743	0.098472	-0.000001
650.00	0.1821935	0.001518	0.098469	-0.000001
655.00	0.1808053	0.003011	0.098465	-0.000001
660.00	0.1791445	0.000183	0.098462	-0.000001
665.00	0.1772358	0.003763	0.098459	-0.000001
670.00	0.1745835	-0.000704	0.098456	-0.000001
675.00	0.1745835	0.002428	0.098453	-0.000001
680.00	0.1855646	0.000196	0.098450	-0.000001
685.00	0.1922078	0.002434	0.098447	-0.000001
690.00	0.1961739	0.003927	0.098444	-0.000001
695.00	0.1979586	-0.005308	0.098440	-0.000001
700.00	0.1945214	0.006177	0.098429	-0.000001
705.00	0.1940917	0.000667	0.098426	-0.000001
710.00	0.1919351	0.000372	0.098423	-0.000001
715.00	0.1888118	-0.001711	0.098420	-0.000001
720.00	0.1847714	0.000974	0.098416	-0.000001
725.00	0.1803095	0.001573	0.098413	-0.000001
730.00	0.1755006	-0.002745	0.098410	-0.000001
735.00	0.1706422	-0.000954	0.098407	-0.000001
740.00	0.1654615	-0.002888	0.098404	-0.000001
745.00	0.1602808	0.000245	0.098401	-0.000001
750.00	0.1550257	-0.000050	0.098398	-0.000001
755.00	0.1497706	-0.000941	0.098395	-0.000001
760.00	0.1439206	-0.002726	0.098391	-0.000001
765.00	0.1393100	0.000853	0.098388	-0.000001
770.00	0.1344020	-0.003912	0.098385	-0.000001
775.00	0.1295188	0.004287	0.098382	-0.000001
780.00	0.1248834	0.000714	0.098379	-0.000001
785.00	0.1204711	0.000866	0.098376	-0.000001
790.00	0.1162819	0.001763	0.098373	-0.000001
795.00	0.1124893	-0.001363	0.098370	-0.000001
800.00	0.1089694	0.003408	0.098366	-0.000001
805.00	0.1057470	-0.001953	0.098363	-0.000001
810.00	0.1031194	0.000882	0.098360	-0.000001
815.00	0.1008389	0.001928	0.098357	-0.000001
820.00	0.0991038	0.004166	0.098354	-0.000001
825.00	0.0979139	0.000295	0.098351	-0.000001
830.00	0.0973190	0.000745	0.098348	-0.000001
835.00	0.0972942	-0.000444	0.098345	-0.000001
840.00	0.0978148	0.000006	0.098341	-0.000001
845.00	0.0988559	-0.001779	0.098338	-0.000001
850.00	0.1005910	-0.001776	0.098335	-0.000001
855.00	0.1028220	0.002400	0.098332	-0.000001
860.00	0.1055982	-0.002514	0.098329	-0.000001
865.00	0.1087215	0.007025	0.098326	-0.000001
870.00	0.1122414	0.000174	0.098323	-0.000001
875.00	0.1160588	0.002710	0.098320	-0.000001
880.00	0.1202232	0.002564	0.098316	-0.000001
885.00	0.1245363	0.005101	0.098313	-0.000001
890.00	0.1289981	-0.000261	0.098310	-0.000001
895.00	0.1335344	0.001084	0.098307	-0.000001
900.00	0.1381201	-0.000701	0.098304	-0.000001
905.00	0.1428051	-0.001443	0.098301	-0.000001
910.00	0.1472421	-0.000546	0.098298	-0.000001
915.00	0.1516048	-0.000096	0.098295	-0.000001
920.00	0.1559675	-0.003669	0.098291	-0.000001
925.00	0.1600328	-0.000239	0.098288	-0.000001
930.00	0.1636023	0.001702	0.098285	-0.000001
935.00	0.1661306	-0.003213	0.098282	-0.000001
940.00	0.1698736	-0.000378	0.098279	-0.000001
945.00	0.1724268	0.000072	0.098276	-0.000001
950.00	0.1756988	0.004545	0.098273	-0.000001
955.00	0.1788965	-0.001561	0.098270	-0.000001
960.00	0.1815984	0.002912	0.098266	-0.000001
965.00	0.1837301	0.000531	0.098263	-0.000001
970.00	0.1851431	0.002323	0.098260	-0.000001
975.00	0.1860602	0.003369	0.098257	-0.000001
980.00	0.1864816	0.000094	0.098254	-0.000001
985.00	0.1861841	0.001736	0.098251	-0.000001
990.00	0.1851678	-0.000645	0.098248	-0.000001
995.00	0.1831848	-0.002132	0.098245	-0.000001
1000.00	0.1805325	0.003086	0.098241	-0.000001
1005.00	0.1770373	-0.002126	0.098238	-0.000001
1010.00	0.1723772	-0.000036	0.098235	-0.000001
1015.00	0.1669238	0.000265	0.098232	-0.000001
1020.00	0.1603798	0.002056	0.098229	-0.000001
1025.00	0.1527202	0.003549	0.098226	-0.000001
1030.00	0.1441436	0.001913	0.098223	-0.000001
1035.00	0.1346497	0.000724	0.098220	-0.000001
1040.00	0.1244866	0.002068	0.098216	-0.000001
1045.00	0.1139517	0.004307	0.098213	-0.000001
1050.00	0.1033672	0.005055	0.098210	-0.000001
1055.00	0.0928571	0.002078	0.098207	-0.000001
1060.00	0.0814545	0.004912	0.098204	-0.000001
1065.00	0.0719359	0.000594	0.098201	-0.000001
1070.00	0.0644995	0.002981	0.098198	-0.000001
1075.00	0.0574784	0.195957	0.098192	-0.000001
1080.00	0.0509726	0.002394	0.098189	-0.000001
1085.00	0.0449653	0.000012	0.098186	-0.000001
1090.00	0.0394238	0.002102	0.098183	-0.000001
1095.00	0.0343508	0.000019	0.098180	-0.000001
1100.00	0.0297438	0.002853	0.098177	-0.000001
1105.00	0.0606676	-0.000684	0.098137	-0.000001
1110.00	0.0548895	-0.002469	0.098134	-0.000001
1115.00	0.0490565	0.004240	0.098131	-0.000001
1120.00	0.0434628	0.003051	0.098128	-0.000001
1125.00	0.0382851	0.006630	0.098125	-0.000001
1130.00	0.0336756	0.001269	0.098122	-0.000001
1135.00	0.0284879	0.002464	0.098118	-0.000001
1140.00	0.0250245	0.002468	0.098115	-0.000001
1145.00	0.0209631	0.004110	0.098112	-0.000001
1150.00	0.0173328	0.005603	0.098109	-0.000001
1155.00	0.0140339	0.002626	0.098106	-0.000001
1160.00	0.0109492	0.005162	0.098103	-0.000001
1165.00	0.0082333	0.005016	0.098100	-0.000001
1170.00	0.0059546	0.200972	0.098094	-0.000001
1175.00	0.0035414	0.002193	0.098091	-0.000001
1180.00	0.0015327	-0.000933	0.098088	-0.000001
1185.00	0.0010299	-0.005847	0.098085	-0.000001
1190.00	0.0007811	-0.001075	0.098082	-0.000001
1195.00	0.0006071	0.002206	0.098079	-0.000001
1200.00	0.0004720	0.005785	0.098076	-0.000001
