Bentham+Kilukarp+B487 datafile
2024-11-14 17:05:21
Slits: 1.000
Avg: 1
Comment: Testskaneerimine slot 0_0 (tyhi)

00:00:03	-0.000001	0.093430	23.5	-1.6	4.5
00:02:06	-0.000000	0.099987	23.5	-1.6	4.5

nm	b487	kilu
300.00	0.0012189	0.005568	0.093971	-0.000001
305.00	0.0013672	0.007329	0.093999	-0.000001
310.00	0.0015130	0.004321	0.094026	-0.000001
315.00	0.0006370	0.001318	0.094347	-0.000001
320.00	0.0008324	0.007847	0.094375	-0.000001
325.00	0.0010730	0.002306	0.094402	-0.000001
330.00	0.0013699	0.004067	0.094430	-0.000001
335.00	0.0017368	0.005082	0.094457	-0.000001
340.00	0.0021855	0.002075	0.094485	-0.000001
345.00	0.0027299	0.002047	0.094512	-0.000001
350.00	0.0033803	0.004851	0.094540	-0.000001
355.00	0.0041483	0.002141	0.094567	-0.000001
360.00	0.0050577	0.003157	0.094595	-0.000001
365.00	0.0061201	0.001490	0.094622	-0.000001
370.00	0.0073959	0.003847	0.094650	-0.000001
375.00	0.0089214	0.203924	0.094696	-0.000001
380.00	0.0107254	0.006307	0.094723	-0.000001
385.00	0.0128084	0.005683	0.094751	-0.000001
390.00	0.0151455	0.005805	0.094778	-0.000001
395.00	0.0178116	0.003393	0.094806	-0.000001
400.00	0.0171139	0.002398	0.094907	-0.000001
405.00	0.0202758	-0.000014	0.094934	-0.000001
410.00	0.0241055	0.004131	0.094962	-0.000001
415.00	0.0281594	0.003359	0.094989	-0.000001
420.00	0.0323229	0.005417	0.095017	-0.000001
425.00	0.0368328	-0.001763	0.095044	-0.000001
430.00	0.0423767	0.005660	0.095072	-0.000001
435.00	0.0446142	0.005037	0.095099	-0.000001
440.00	0.0460220	0.007393	0.095127	-0.000001
445.00	0.0473102	0.005280	0.095154	-0.000001
450.00	0.0493309	0.002421	0.095182	-0.000001
455.00	0.0532578	0.001648	0.095209	-0.000001
460.00	0.0596912	0.003111	0.095237	-0.000001
465.00	0.0677068	0.003381	0.095264	-0.000001
470.00	0.0760364	0.003503	0.095292	-0.000001
475.00	0.0839798	0.005115	0.095319	-0.000001
480.00	0.0913204	0.201168	0.095365	-0.000001
485.00	0.0979636	0.005488	0.095393	-0.000001
490.00	0.1041111	0.003375	0.095420	-0.000001
495.00	0.1099858	0.001410	0.095448	-0.000001
500.00	0.1154888	0.003171	0.095475	-0.000001
505.00	0.1207686	-0.001327	0.095503	-0.000001
510.00	0.1259245	0.004606	0.095530	-0.000001
515.00	0.1307830	0.001896	0.095558	-0.000001
520.00	0.1356414	0.004551	0.095585	-0.000001
525.00	0.1402024	0.002437	0.095613	-0.000001
530.00	0.1447139	0.000472	0.095640	-0.000001
535.00	0.1488783	-0.000896	0.095668	-0.000001
540.00	0.1530674	0.002652	0.095695	-0.000001
545.00	0.1570087	0.001880	0.095723	-0.000001
550.00	0.1606774	0.005578	0.095750	-0.000001
555.00	0.1640981	0.001527	0.095778	-0.000001
560.00	0.1673453	0.002542	0.095805	-0.000001
565.00	0.1703447	0.004005	0.095833	-0.000001
570.00	0.1730714	0.001593	0.095860	-0.000001
575.00	0.1755006	-0.000371	0.095888	-0.000001
580.00	0.1777315	0.005711	0.095915	-0.000001
585.00	0.1796154	0.001660	0.095943	-0.000001
590.00	0.1812018	0.003867	0.095970	-0.000001
595.00	0.1825900	0.004436	0.095998	-0.000001
600.00	0.1836806	-0.001701	0.096025	-0.000001
605.00	0.1846969	-0.000238	0.096053	-0.000001
610.00	0.1854158	0.001522	0.096080	-0.000001
615.00	0.1857876	0.004773	0.096108	-0.000001
620.00	0.1859115	0.003106	0.096135	-0.000001
625.00	0.1858620	0.004122	0.096163	-0.000001
630.00	0.1854654	0.002008	0.096190	-0.000001
635.00	0.1851183	0.003322	0.096218	-0.000001
640.00	0.1843747	0.003592	0.096245	-0.000001
645.00	0.1834327	0.000883	0.096273	-0.000001
650.00	0.1821685	0.001898	0.096300	-0.000001
655.00	0.1809043	0.005447	0.096328	-0.000001
660.00	0.1792435	0.006015	0.096356	-0.000001
665.00	0.1772357	0.003008	0.096383	-0.000001
670.00	0.1746577	0.004619	0.096411	-0.000001
675.00	0.1746577	-0.000922	0.096438	-0.000001
680.00	0.1855149	0.005011	0.096466	-0.000001
685.00	0.1923316	0.003196	0.096493	-0.000001
690.00	0.1961242	0.001976	0.096521	-0.000001
695.00	0.1979833	-0.001628	0.096548	-0.000001
700.00	0.1945625	0.004828	0.096649	-0.000001
705.00	0.1941411	0.004502	0.096676	-0.000001
710.00	0.1920837	0.003581	0.096704	-0.000001
715.00	0.1889356	0.009514	0.096731	-0.000001
720.00	0.1848208	0.000248	0.096759	-0.000001
725.00	0.1803837	0.005435	0.096786	-0.000001
730.00	0.1757483	0.004067	0.096814	-0.000001
735.00	0.1706668	-0.001921	0.096841	-0.000001
740.00	0.1654365	0.001926	0.096869	-0.000001
745.00	0.1603302	0.004282	0.096897	-0.000001
750.00	0.1550503	0.005000	0.096924	-0.000001
755.00	0.1498200	0.000502	0.096952	-0.000001
760.00	0.1439204	0.001071	0.096979	-0.000001
765.00	0.1392355	0.005364	0.097007	-0.000001
770.00	0.1344762	0.001314	0.097034	-0.000001
775.00	0.1295929	0.003372	0.097062	-0.000001
780.00	0.1249576	0.002004	0.097089	-0.000001
785.00	0.1204709	0.000933	0.097117	-0.000001
790.00	0.1163561	0.001055	0.097144	-0.000001
795.00	0.1125139	0.000580	0.097172	-0.000001
800.00	0.1089692	-0.000193	0.097199	-0.000001
805.00	0.1058459	0.002164	0.097227	-0.000001
810.00	0.1031193	-0.001142	0.097254	-0.000001
815.00	0.1008635	0.002258	0.097282	-0.000001
820.00	0.0991036	0.003572	0.097309	-0.000001
825.00	0.0979385	0.002799	0.097337	-0.000001
830.00	0.0973188	-0.000805	0.097364	-0.000001
835.00	0.0972692	0.001552	0.097392	-0.000001
840.00	0.0978146	-0.001307	0.097419	-0.000001
845.00	0.0989053	-0.002675	0.097447	-0.000001
850.00	0.1005908	0.006685	0.097474	-0.000001
855.00	0.1028218	0.004273	0.097502	-0.000001
860.00	0.1055732	-0.003503	0.097529	-0.000001
865.00	0.1085230	0.002430	0.097557	-0.000001
870.00	0.1122660	0.001806	0.097584	-0.000001
875.00	0.1161081	0.002524	0.097612	-0.000001
880.00	0.1201734	0.007116	0.097639	-0.000001
885.00	0.1245361	0.001277	0.097667	-0.000001
890.00	0.1290227	0.000206	0.097694	-0.000001
895.00	0.1335589	0.002414	0.097722	-0.000001
900.00	0.1380951	-0.002382	0.097749	-0.000001
905.00	0.1428049	0.002955	0.097777	-0.000001
910.00	0.1472419	0.001586	0.097804	-0.000001
915.00	0.1515550	0.002602	0.097832	-0.000001
920.00	0.1558929	0.002425	0.097859	-0.000001
925.00	0.1599334	0.001802	0.097887	-0.000001
930.00	0.1635772	0.000582	0.097914	-0.000001
935.00	0.1660808	-0.000637	0.097942	-0.000001
940.00	0.1698486	0.002911	0.097969	-0.000001
945.00	0.1724018	-0.000990	0.097997	-0.000001
950.00	0.1756986	0.003005	0.098024	-0.000001
955.00	0.1788714	0.002680	0.098052	-0.000001
960.00	0.1815733	0.002801	0.098079	-0.000001
965.00	0.1836307	0.004562	0.098107	-0.000001
970.00	0.1851180	0.002895	0.098134	-0.000001
975.00	0.1859856	0.005401	0.098162	-0.000001
980.00	0.1864070	0.000903	0.098190	-0.000001
985.00	0.1859112	0.007134	0.098217	-0.000001
990.00	0.1850436	0.003828	0.098245	-0.000001
995.00	0.1831845	0.003205	0.098272	-0.000001
1000.00	0.1805074	0.002134	0.098300	-0.000001
1005.00	0.1769379	0.000468	0.098327	-0.000001
1010.00	0.1722778	-0.001646	0.098355	-0.000001
1015.00	0.1667748	0.008012	0.098382	-0.000001
1020.00	0.1601316	-0.002595	0.098410	-0.000001
1025.00	0.1525960	0.005126	0.098437	-0.000001
1030.00	0.1440689	-0.001458	0.098465	-0.000001
1035.00	0.1346495	0.002836	0.098492	-0.000001
1040.00	0.1245359	0.002957	0.098520	-0.000001
1045.00	0.1139762	-0.001243	0.098547	-0.000001
1050.00	0.1032926	0.003498	0.098575	-0.000001
1055.00	0.0927824	0.001832	0.098602	-0.000001
1060.00	0.0814047	-0.002666	0.098630	-0.000001
1065.00	0.0718861	0.000883	0.098657	-0.000001
1070.00	0.0644744	0.002196	0.098685	-0.000001
1075.00	0.0574731	0.202720	0.098731	-0.000001
1080.00	0.0509649	-0.002348	0.098758	-0.000001
1085.00	0.0449700	0.002393	0.098786	-0.000001
1090.00	0.0394460	-0.002999	0.098813	-0.000001
1095.00	0.0343506	-0.004814	0.098841	-0.000001
1100.00	0.0297585	-0.003054	0.098868	-0.000001
1105.00	0.0605751	0.003005	0.099217	-0.000001
1110.00	0.0548020	0.001190	0.099244	-0.000001
1115.00	0.0489615	-0.003010	0.099272	-0.000001
1120.00	0.0433952	0.002625	0.099299	-0.000001
1125.00	0.0381976	-0.002171	0.099327	-0.000001
1130.00	0.0336204	-0.001453	0.099354	-0.000001
1135.00	0.0284577	-0.007292	0.099382	-0.000001
1140.00	0.0249769	0.000131	0.099409	-0.000001
1145.00	0.0209379	-0.003175	0.099437	-0.000001
1150.00	0.0172926	-0.002607	0.099464	-0.000001
1155.00	0.0140036	0.001240	0.099492	-0.000001
1160.00	0.0109265	-0.001321	0.099519	-0.000001
1165.00	0.0081881	-0.004775	0.099547	-0.000001
1170.00	0.0059404	0.198729	0.099593	-0.000001
1175.00	0.0035251	-0.003806	0.099620	-0.000001
1180.00	0.0015269	-0.001598	0.099648	-0.000001
1185.00	0.0010266	-0.001327	0.099675	-0.000001
1190.00	0.0007793	-0.000312	0.099703	-0.000001
1195.00	0.0006058	-0.000637	0.099730	-0.000001
1200.00	0.0004712	0.001123	0.099758	-0.000001
