Bentham+Kilukarp+B487 datafile
2024-11-16 17:57:53
Slits: 1.000
Avg: 3
Comment: g' filter full slot 2_0 (SDSS g')

00:00:03	-0.000000	0.102868	24.2	-1.5	4.3
00:03:08	0.000000	0.102669	24.2	-1.5	4.3
00:06:13	-0.000001	0.101924	24.2	-1.5	4.3
00:09:18	-0.000001	0.103464	24.2	-1.5	4.3
00:12:23	-0.000001	0.103811	24.2	-1.5	4.3
00:13:51	-0.000001	0.105749	24.2	-1.5	4.3

nm	b487	kilu
300.00	-0.0000009	0.002395	0.102856	-0.000000
301.00	-0.0000010	0.002446	0.102855	-0.000000
302.00	-0.0000007	0.003093	0.102855	-0.000000
303.00	-0.0000002	-0.000334	0.102854	-0.000000
304.00	-0.0000004	-0.000730	0.102853	-0.000000
305.00	-0.0000008	-0.000878	0.102852	-0.000000
306.00	-0.0000010	0.001507	0.102851	-0.000000
307.00	-0.0000005	0.001260	0.102850	-0.000000
308.00	-0.0000002	0.002502	0.102849	-0.000000
309.00	-0.0000004	0.000864	0.102848	-0.000000
310.00	-0.0000007	0.003895	0.102847	-0.000000
311.00	-0.0000006	0.001269	0.102840	-0.000000
312.00	-0.0000002	0.000525	0.102839	-0.000000
313.00	-0.0000006	-0.002156	0.102838	-0.000000
314.00	-0.0000008	0.001024	0.102838	-0.000000
315.00	-0.0000011	0.004054	0.102837	-0.000000
316.00	-0.0000006	0.001373	0.102836	-0.000000
317.00	-0.0000002	0.002169	0.102835	-0.000000
318.00	-0.0000007	0.002021	0.102834	-0.000000
319.00	-0.0000007	0.002320	0.102833	-0.000000
320.00	-0.0000011	-0.000759	0.102832	-0.000000
321.00	-0.0000007	0.001328	0.102831	-0.000000
322.00	-0.0000001	0.000435	0.102830	-0.000000
323.00	-0.0000001	0.003565	0.102829	-0.000000
324.00	-0.0000006	0.003268	0.102828	-0.000000
325.00	-0.0000011	0.002325	0.102827	-0.000000
326.00	-0.0000008	0.003816	0.102826	-0.000000
327.00	-0.0000005	0.002426	0.102826	-0.000000
328.00	-0.0000001	0.004116	0.102825	-0.000000
329.00	-0.0000005	0.000392	0.102824	-0.000000
330.00	-0.0000006	-0.000601	0.102823	-0.000000
331.00	-0.0000011	-0.000004	0.102822	-0.000000
332.00	-0.0000006	-0.000649	0.102821	-0.000000
333.00	-0.0000001	0.000147	0.102820	-0.000000
334.00	-0.0000001	-0.000597	0.102819	-0.000000
335.00	-0.0000006	0.002136	0.102818	-0.000000
336.00	-0.0000010	0.000696	0.102817	-0.000000
337.00	-0.0000011	0.002734	0.102816	-0.000000
338.00	-0.0000006	0.003033	0.102815	-0.000000
339.00	-0.0000001	0.002487	0.102814	-0.000000
340.00	-0.0000006	0.001445	0.102813	-0.000000
341.00	-0.0000008	0.000999	0.102813	-0.000000
342.00	-0.0000011	-0.001086	0.102812	-0.000000
343.00	-0.0000010	-0.000092	0.102811	-0.000000
344.00	-0.0000006	0.001002	0.102810	-0.000000
345.00	-0.0000001	0.000953	0.102809	-0.000000
346.00	-0.0000006	-0.000785	0.102808	-0.000000
347.00	-0.0000009	0.000110	0.102807	-0.000000
348.00	-0.0000012	0.001105	0.102806	-0.000000
349.00	-0.0000007	0.001255	0.102805	-0.000000
350.00	-0.0000005	0.001305	0.102804	-0.000000
351.00	-0.0000003	0.001554	0.102803	-0.000000
352.00	-0.0000007	-0.000978	0.102802	-0.000000
353.00	-0.0000011	0.000762	0.102801	-0.000000
354.00	-0.0000012	0.000266	0.102801	-0.000000
355.00	-0.0000007	-0.000627	0.102800	-0.000000
356.00	-0.0000002	0.001807	0.102799	-0.000000
357.00	-0.0000003	0.003299	0.102798	-0.000000
358.00	-0.0000007	-0.000327	0.102797	-0.000000
359.00	-0.0000011	-0.000276	0.102796	-0.000000
360.00	-0.0000012	0.001761	0.102795	-0.000000
361.00	-0.0000007	-0.002062	0.102794	-0.000000
362.00	-0.0000002	-0.000025	0.102793	-0.000000
363.00	-0.0000005	0.000125	0.102792	-0.000000
364.00	-0.0000007	-0.001066	0.102791	-0.000000
365.00	-0.0000012	0.001667	0.102790	-0.000000
366.00	-0.0000010	0.000525	0.102789	-0.000000
367.00	-0.0000007	-0.000070	0.102789	-0.000000
368.00	-0.0000002	0.000527	0.102788	-0.000000
369.00	-0.0000005	-0.001161	0.102787	-0.000000
370.00	-0.0000007	-0.000464	0.102786	-0.000000
371.00	-0.0000012	-0.001358	0.102785	-0.000000
372.00	-0.0000009	-0.000661	0.102784	-0.000000
373.00	-0.0000006	-0.000412	0.102783	-0.000000
374.00	-0.0000002	0.001129	0.102782	-0.000000
375.00	-0.0000004	-0.001354	0.102781	-0.000000
376.00	-0.0000008	-0.002992	0.102780	-0.000000
377.00	-0.0000012	0.000734	0.102779	-0.000000
378.00	-0.0000007	0.000586	0.102778	-0.000000
379.00	-0.0000004	0.002524	0.102777	-0.000000
380.00	-0.0000002	0.003270	0.102776	-0.000000
381.00	-0.0000006	0.002923	0.102776	-0.000000
382.00	-0.0000010	-0.000453	0.102775	-0.000000
383.00	-0.0000011	-0.000701	0.102774	-0.000000
384.00	-0.0000006	0.000045	0.102773	-0.000000
385.00	-0.0000004	0.000295	0.102772	-0.000000
386.00	-0.0000004	-0.000996	0.102771	-0.000000
387.00	-0.0000007	0.001091	0.102770	-0.000000
388.00	-0.0000007	0.001191	0.102769	-0.000000
389.00	-0.0000001	-0.001440	0.102768	-0.000000
390.00	0.0000017	0.000796	0.102767	-0.000000
391.00	0.0000042	0.001492	0.102766	-0.000000
392.00	0.0000088	0.002288	0.102765	-0.000000
393.00	0.0000198	-0.000244	0.102764	-0.000000
394.00	0.0000788	0.000253	0.102764	-0.000000
395.00	0.0007361	-0.000392	0.102763	-0.000000
396.00	0.0047036	-0.001583	0.102762	-0.000000
397.00	0.0096246	0.034032	0.102761	-0.000000
398.00	0.0132767	-0.000289	0.102760	-0.000000
399.00	0.0170052	-0.000090	0.102759	-0.000000
400.00	0.0159189	-0.002024	0.102756	-0.000000
401.00	0.0170162	-0.000186	0.102755	-0.000000
402.00	0.0179939	0.001107	0.102754	-0.000000
403.00	0.0189019	0.001753	0.102754	-0.000000
404.00	0.0197042	0.001357	0.102753	-0.000000
405.00	0.0205040	-0.001275	0.102752	-0.000000
406.00	0.0211917	0.002948	0.102751	-0.000000
407.00	0.0218781	0.000118	0.102750	-0.000000
408.00	0.0227888	-0.000974	0.102749	-0.000000
409.00	0.0238523	-0.000774	0.102748	-0.000000
410.00	0.0247174	0.000319	0.102747	-0.000000
411.00	0.0253353	-0.000027	0.102746	-0.000000
412.00	0.0262442	0.000172	0.102745	-0.000000
413.00	0.0275005	-0.000522	0.102744	-0.000000
414.00	0.0286317	0.001118	0.102743	-0.000000
415.00	0.0293904	0.002261	0.102742	-0.000000
416.00	0.0300395	0.000524	0.102742	-0.000000
417.00	0.0309614	0.001568	0.102741	-0.000000
418.00	0.0321215	0.004747	0.102740	-0.000000
419.00	0.0332328	0.000427	0.102739	-0.000000
420.00	0.0341308	0.002067	0.102738	-0.000000
421.00	0.0349809	0.000777	0.102737	-0.000000
422.00	0.0359360	0.001274	0.102736	-0.000000
423.00	0.0368978	0.004057	0.102735	-0.000000
424.00	0.0377786	0.000084	0.102734	-0.000000
425.00	0.0386693	0.001525	0.102733	-0.000000
426.00	0.0397669	0.000086	0.102732	-0.000000
427.00	0.0410944	0.003216	0.102731	-0.000000
428.00	0.0426712	-0.000161	0.102730	-0.000000
429.00	0.0436888	0.002920	0.102730	-0.000000
430.00	0.0445646	0.001828	0.102729	-0.000000
431.00	0.0453432	0.001779	0.102728	-0.000000
432.00	0.0460409	0.002326	0.102727	-0.000000
433.00	0.0467136	0.001731	0.102726	-0.000000
434.00	0.0471197	0.003272	0.102725	-0.000000
435.00	0.0472119	0.001783	0.102724	-0.000000
436.00	0.0472807	0.003572	0.102723	-0.000000
437.00	0.0476136	0.001437	0.102722	-0.000000
438.00	0.0481926	0.001190	0.102721	-0.000000
439.00	0.0487306	-0.000200	0.102720	-0.000000
440.00	0.0490333	0.002135	0.102719	-0.000000
441.00	0.0490707	0.002136	0.102718	-0.000000
442.00	0.0491392	0.001988	0.102717	-0.000000
443.00	0.0493722	0.001691	0.102717	-0.000000
444.00	0.0497746	0.002437	0.102716	-0.000000
445.00	0.0501889	0.001295	0.102715	-0.000000
446.00	0.0504949	-0.000094	0.102714	-0.000000
447.00	0.0507361	0.002142	0.102713	-0.000000
448.00	0.0510979	0.003831	0.102712	-0.000000
449.00	0.0516994	0.001796	0.102711	-0.000000
450.00	0.0524356	0.003038	0.102710	-0.000000
451.00	0.0531856	0.001500	0.102709	-0.000000
452.00	0.0538285	0.000259	0.102708	-0.000000
453.00	0.0544825	0.002545	0.102707	-0.000000
454.00	0.0552387	0.002347	0.102706	-0.000000
455.00	0.0563263	0.000460	0.102705	-0.000000
456.00	0.0576688	0.001107	0.102705	-0.000000
457.00	0.0591359	0.000412	0.102704	-0.000000
458.00	0.0605372	0.002003	0.102703	-0.000000
459.00	0.0617818	0.003395	0.102702	-0.000000
460.00	0.0631161	0.005432	0.102701	-0.000000
461.00	0.0646310	0.002055	0.102700	-0.000000
462.00	0.0664649	-0.000725	0.102699	-0.000000
463.00	0.0684893	0.001312	0.102698	-0.000000
464.00	0.0704121	0.003697	0.102697	-0.000000
465.00	0.0720636	0.002506	0.102696	-0.000000
466.00	0.0735217	0.002110	0.102695	-0.000000
467.00	0.0750149	0.001117	0.102694	-0.000000
468.00	0.0767491	0.003303	0.102693	-0.000000
469.00	0.0787960	0.002957	0.102693	-0.000000
470.00	0.0809588	0.000921	0.102692	-0.000000
471.00	0.0829845	0.001369	0.102691	-0.000000
472.00	0.0847025	0.002115	0.102690	-0.000000
473.00	0.0860517	0.001917	0.102689	-0.000000
474.00	0.0872437	0.002266	0.102688	-0.000000
475.00	0.0886422	0.035795	0.102687	-0.000000
476.00	0.0904021	0.002616	0.102686	-0.000000
477.00	0.0924099	0.001375	0.102685	-0.000000
478.00	0.0943682	0.002071	0.102684	-0.000000
479.00	0.0960290	-0.000560	0.102683	-0.000000
480.00	0.0973080	0.003066	0.102682	-0.000000
481.00	0.0984384	-0.000658	0.102681	-0.000000
482.00	0.0995588	0.001529	0.102680	-0.000000
483.00	0.1009866	-0.000904	0.102679	-0.000000
484.00	0.1025358	0.001928	0.102678	-0.000000
485.00	0.1041347	0.001233	0.102678	-0.000000
486.00	0.1055476	0.001234	0.102677	-0.000000
487.00	0.1067250	0.001980	0.102676	-0.000000
488.00	0.1076918	0.000094	0.102675	-0.000000
489.00	0.1088295	0.001634	0.102674	-0.000000
490.00	0.1100218	-0.000934	0.102659	-0.000000
491.00	0.1115091	0.001354	0.102656	-0.000000
492.00	0.1131427	0.001656	0.102652	-0.000000
493.00	0.1146399	0.001907	0.102649	-0.000000
494.00	0.1158396	0.000222	0.102646	-0.000000
495.00	0.1168708	0.001567	0.102642	-0.000000
496.00	0.1177805	0.000527	0.102639	-0.000000
497.00	0.1188464	0.004157	0.102635	-0.000000
498.00	0.1201602	0.003564	0.102632	-0.000000
499.00	0.1217590	0.002574	0.102628	-0.000000
500.00	0.1232959	0.003720	0.102625	-0.000000
501.00	0.1244857	0.002333	0.102621	-0.000000
502.00	0.1252393	0.004720	0.102618	-0.000000
503.00	0.1255863	0.001644	0.102614	-0.000000
504.00	0.1258119	0.004727	0.102611	-0.000000
505.00	0.1264316	0.001800	0.102607	-0.000000
506.00	0.1275347	0.001456	0.102604	-0.000000
507.00	0.1291583	0.003148	0.102601	-0.000000
508.00	0.1312529	0.005188	0.102597	-0.000000
509.00	0.1332112	0.004794	0.102594	-0.000000
510.00	0.1344704	0.003307	0.102590	-0.000000
511.00	0.1352537	-0.000663	0.102587	-0.000000
512.00	0.1355214	0.002619	0.102583	-0.000000
513.00	0.1356404	0.001828	0.102580	-0.000000
514.00	0.1361238	0.005407	0.102576	-0.000000
515.00	0.1371525	0.003821	0.102573	-0.000000
516.00	0.1386894	0.000894	0.102569	-0.000000
517.00	0.1405857	0.003381	0.102566	-0.000000
518.00	0.1423233	0.003732	0.102562	-0.000000
519.00	0.1434239	0.005921	0.102559	-0.000000
520.00	0.1438205	0.001157	0.102556	-0.000000
521.00	0.1437412	0.004438	0.102552	-0.000000
522.00	0.1435925	0.003846	0.102549	-0.000000
523.00	0.1438453	0.004147	0.102545	-0.000000
524.00	0.1448245	0.001816	0.102542	-0.000000
525.00	0.1464357	0.003210	0.102538	-0.000000
526.00	0.1484064	0.002518	0.102535	-0.000000
527.00	0.1503770	0.003962	0.102531	-0.000000
528.00	0.1518817	0.001482	0.102528	-0.000000
529.00	0.1529228	-0.000302	0.102524	-0.000000
530.00	0.1535970	-0.000398	0.102521	-0.000000
531.00	0.1540432	-0.000445	0.102518	-0.000000
532.00	0.1546282	0.002390	0.102514	-0.000000
533.00	0.1554958	0.001003	0.102511	-0.000000
534.00	0.1566732	0.002397	0.102507	-0.000000
535.00	0.1579126	-0.000729	0.102504	-0.000000
536.00	0.1590033	0.001758	0.102500	-0.000000
537.00	0.1596751	0.002109	0.102497	-0.000000
538.00	0.1600717	0.002659	0.102493	-0.000000
539.00	0.1603692	0.001868	0.102490	-0.000000
540.00	0.1605873	0.001176	0.102486	-0.000000
541.00	0.1608550	0.000583	0.102483	-0.000000
542.00	0.1609492	-0.001748	0.102480	-0.000000
543.00	0.1606642	-0.000254	0.102476	-0.000000
544.00	0.1598586	-0.001294	0.102473	-0.000000
545.00	0.1591025	0.002485	0.102469	-0.000000
546.00	0.1587307	0.001445	0.102466	-0.000000
547.00	0.1594372	0.003584	0.102462	-0.000000
548.00	0.1614401	0.000757	0.102459	-0.000000
549.00	0.1641172	0.003095	0.102455	-0.000000
550.00	0.1657135	0.002353	0.102452	-0.000000
551.00	0.1635024	0.000519	0.102448	-0.000000
552.00	0.1547770	0.001665	0.102445	-0.000000
553.00	0.1391358	0.002612	0.102441	-0.000000
554.00	0.1166530	0.003907	0.102438	-0.000000
555.00	0.0912701	0.002768	0.102435	-0.000000
556.00	0.0667795	0.000834	0.102431	-0.000000
557.00	0.0453269	0.036551	0.102427	-0.000000
558.00	0.0293720	0.002133	0.102423	-0.000000
559.00	0.0184100	0.000150	0.102420	-0.000000
560.00	0.0114982	-0.000840	0.102417	-0.000000
561.00	0.0073184	0.001448	0.102413	-0.000000
562.00	0.0048185	0.035278	0.102409	-0.000000
563.00	0.0032305	0.000860	0.102405	-0.000000
564.00	0.0022383	0.002154	0.102402	-0.000000
565.00	0.0016057	0.001165	0.102399	-0.000000
566.00	0.0011986	0.003751	0.102395	-0.000000
567.00	0.0009199	0.004599	0.102392	-0.000000
568.00	0.0007220	0.002516	0.102388	-0.000000
569.00	0.0005809	0.003910	0.102385	-0.000000
570.00	0.0004716	0.001778	0.102381	-0.000001
571.00	0.0003849	0.000738	0.102378	-0.000001
572.00	0.0003136	0.001536	0.102374	-0.000001
573.00	0.0002513	0.001739	0.102371	-0.000001
574.00	0.0001999	0.002636	0.102367	-0.000001
575.00	0.0001561	0.000901	0.102364	-0.000001
576.00	0.0001227	0.001153	0.102360	-0.000001
577.00	0.0000954	0.001802	0.102357	-0.000001
578.00	0.0000750	0.001011	0.102354	-0.000001
579.00	0.0000605	0.002504	0.102350	-0.000001
580.00	0.0000494	-0.002012	0.102347	-0.000001
581.00	0.0000410	0.000624	0.102343	-0.000001
582.00	0.0000340	0.001521	0.102340	-0.000001
583.00	0.0000289	0.001177	0.102336	-0.000001
584.00	0.0000248	0.001330	0.102333	-0.000001
585.00	0.0000220	0.000240	0.102329	-0.000001
586.00	0.0000197	-0.001147	0.102326	-0.000001
587.00	0.0000176	0.000794	0.102322	-0.000001
588.00	0.0000154	-0.001041	0.102319	-0.000001
589.00	0.0000136	0.001943	0.102316	-0.000001
590.00	0.0000123	0.000556	0.102312	-0.000001
591.00	0.0000112	0.002496	0.102309	-0.000001
592.00	0.0000101	0.001705	0.102305	-0.000001
593.00	0.0000086	0.002304	0.102302	-0.000001
594.00	0.0000073	0.002060	0.102298	-0.000001
595.00	0.0000061	0.000474	0.102295	-0.000001
596.00	0.0000055	0.001023	0.102291	-0.000001
597.00	0.0000052	0.001971	0.102288	-0.000001
598.00	0.0000047	0.001179	0.102284	-0.000001
599.00	0.0000034	-0.001052	0.102281	-0.000001
600.00	0.0000031	0.001882	0.102277	-0.000001
601.00	0.0000027	0.005064	0.102274	-0.000001
602.00	0.0000026	0.000895	0.102271	-0.000001
603.00	0.0000027	0.000054	0.102267	-0.000001
604.00	0.0000022	0.002194	0.102264	-0.000001
605.00	0.0000022	0.001700	0.102260	-0.000001
606.00	0.0000013	0.002449	0.102257	-0.000001
607.00	0.0000012	0.001658	0.102253	-0.000001
608.00	0.0000015	0.000370	0.102250	-0.000001
609.00	0.0000017	0.000274	0.102246	-0.000001
610.00	0.0000017	0.000873	0.102243	-0.000001
611.00	0.0000012	0.000380	0.102239	-0.000001
612.00	0.0000008	0.003115	0.102236	-0.000001
613.00	0.0000008	0.000337	0.102232	-0.000001
614.00	0.0000013	0.000788	0.102229	-0.000001
615.00	0.0000013	0.000940	0.102226	-0.000001
616.00	0.0000013	0.002632	0.102222	-0.000001
617.00	0.0000008	0.003480	0.102219	-0.000001
618.00	0.0000003	0.001845	0.102215	-0.000001
619.00	0.0000006	0.000557	0.102212	-0.000001
620.00	0.0000008	0.000759	0.102208	-0.000001
621.00	0.0000009	0.001209	0.102205	-0.000001
622.00	0.0000008	-0.002960	0.102201	-0.000001
623.00	0.0000003	-0.000274	0.102198	-0.000001
624.00	0.0000003	0.002014	0.102194	-0.000001
625.00	0.0000007	0.004154	0.102191	-0.000001
626.00	0.0000008	-0.000810	0.102188	-0.000001
627.00	0.0000008	0.002074	0.102184	-0.000001
628.00	0.0000005	0.001929	0.102181	-0.000001
629.00	0.0000004	-0.002538	0.102177	-0.000001
630.00	0.0000007	0.000098	0.102174	-0.000001
631.00	0.0000009	0.003181	0.102170	-0.000001
632.00	0.0000009	0.000105	0.102167	-0.000001
633.00	0.0000008	0.001251	0.102163	-0.000001
634.00	0.0000004	0.001006	0.102160	-0.000001
635.00	0.0000005	0.001158	0.102156	-0.000001
636.00	0.0000009	0.000566	0.102153	-0.000001
637.00	0.0000009	0.002208	0.102150	-0.000001
638.00	0.0000008	0.000275	0.102146	-0.000001
639.00	0.0000004	0.000079	0.102143	-0.000001
640.00	0.0000004	0.001772	0.102139	-0.000001
641.00	0.0000003	0.000335	0.102136	-0.000001
642.00	0.0000009	0.001232	0.102132	-0.000001
643.00	0.0000002	-0.001248	0.102129	-0.000001
644.00	0.0000001	-0.000052	0.102125	-0.000001
645.00	0.0000003	0.000498	0.102122	-0.000001
646.00	0.0000005	-0.001585	0.102118	-0.000001
647.00	0.0000006	-0.001780	0.102115	-0.000001
648.00	0.0000005	-0.002472	0.102111	-0.000001
649.00	-0.0000000	0.000114	0.102108	-0.000001
650.00	-0.0000000	0.002700	0.102105	-0.000001
651.00	0.0000005	-0.001320	0.102101	-0.000001
652.00	0.0000005	0.000075	0.102098	-0.000001
653.00	0.0000001	-0.000021	0.102094	-0.000001
654.00	0.0000000	0.001125	0.102091	-0.000001
655.00	0.0000000	0.001724	0.102087	-0.000001
656.00	0.0000005	0.000337	0.102084	-0.000001
657.00	0.0000005	0.001433	0.102080	-0.000001
658.00	0.0000000	0.000692	0.102077	-0.000001
659.00	-0.0000001	-0.000994	0.102073	-0.000001
660.00	0.0000000	-0.002878	0.102070	-0.000001
661.00	0.0000005	-0.001881	0.102066	-0.000001
662.00	0.0000006	0.002941	0.102063	-0.000001
663.00	0.0000002	0.000808	0.102060	-0.000001
664.00	-0.0000003	0.001110	0.102056	-0.000001
665.00	-0.0000000	-0.000923	0.102053	-0.000001
666.00	0.0000005	0.001266	0.102049	-0.000001
667.00	0.0000006	-0.001960	0.102046	-0.000001
668.00	0.0000001	-0.001410	0.102042	-0.000001
669.00	-0.0000004	0.000531	0.102039	-0.000001
670.00	0.0000001	0.002621	0.102035	-0.000001
671.00	0.0000006	-0.000803	0.102032	-0.000001
672.00	0.0000005	0.002776	0.102028	-0.000001
673.00	0.0000001	0.000942	0.102025	-0.000001
674.00	-0.0000002	-0.001240	0.102021	-0.000001
675.00	0.0000001	0.001396	0.102018	-0.000001
676.00	0.0000006	0.002045	0.102015	-0.000001
677.00	0.0000004	0.000261	0.102011	-0.000001
678.00	0.0000000	0.001307	0.102008	-0.000001
679.00	-0.0000001	0.001410	0.102004	-0.000001
680.00	0.0000003	0.002208	0.102001	-0.000001
681.00	0.0000007	0.001963	0.101997	-0.000001
682.00	-0.0000001	0.001073	0.101994	-0.000001
683.00	-0.0000001	0.001821	0.101990	-0.000001
684.00	-0.0000005	0.001675	0.101987	-0.000001
685.00	0.0000004	-0.000457	0.101983	-0.000001
686.00	0.0000007	0.000391	0.101980	-0.000001
687.00	0.0000002	-0.001493	0.101977	-0.000001
688.00	-0.0000003	0.001242	0.101973	-0.000001
689.00	0.0000001	0.001295	0.101970	-0.000001
690.00	0.0000005	-0.000291	0.101966	-0.000001
691.00	0.0000005	0.001054	0.101963	-0.000001
692.00	0.0000002	0.003889	0.101959	-0.000001
693.00	-0.0000003	0.002998	0.101956	-0.000001
694.00	0.0000002	0.003647	0.101952	-0.000001
695.00	0.0000008	0.001763	0.101949	-0.000001
696.00	0.0000000	0.001469	0.101945	-0.000001
697.00	0.0000001	-0.000763	0.101942	-0.000001
698.00	0.0000005	0.003159	0.101944	-0.000001
699.00	0.0000004	0.002506	0.101951	-0.000001
700.00	-0.0000001	0.001891	0.101970	-0.000001
701.00	0.0000004	-0.001593	0.101977	-0.000001
702.00	0.0000006	0.002523	0.101984	-0.000001
703.00	0.0000003	0.000529	0.101991	-0.000001
704.00	-0.0000002	0.002211	0.101998	-0.000001
705.00	-0.0000001	0.000415	0.102005	-0.000001
706.00	0.0000003	0.002693	0.102012	-0.000001
707.00	0.0000008	0.003232	0.102020	-0.000001
708.00	0.0000003	0.001785	0.102027	-0.000001
709.00	-0.0000002	0.002523	0.102034	-0.000001
710.00	-0.0000001	-0.002203	0.102041	-0.000001
711.00	0.0000003	0.004346	0.102048	-0.000001
712.00	0.0000008	0.001806	0.102055	-0.000001
713.00	0.0000003	0.002196	0.102062	-0.000001
714.00	-0.0000000	0.003182	0.102070	-0.000001
715.00	-0.0000001	-0.000550	0.102077	-0.000001
716.00	0.0000004	0.000734	0.102084	-0.000001
717.00	0.0000006	0.002615	0.102091	-0.000001
718.00	0.0000004	0.000422	0.102098	-0.000001
719.00	-0.0000001	0.004935	0.102105	-0.000001
720.00	-0.0000002	0.001202	0.102112	-0.000001
721.00	0.0000003	0.002536	0.102119	-0.000001
722.00	0.0000008	0.000791	0.102127	-0.000001
723.00	0.0000003	0.002472	0.102134	-0.000001
724.00	-0.0000001	0.004154	0.102141	-0.000001
725.00	-0.0000002	0.003253	0.102148	-0.000001
726.00	0.0000003	0.003593	0.102155	-0.000001
727.00	0.0000008	0.002990	0.102162	-0.000001
728.00	0.0000004	0.003977	0.102169	-0.000001
729.00	0.0000001	0.004218	0.102177	-0.000001
730.00	-0.0000002	0.002572	0.102184	-0.000001
731.00	0.0000003	0.001621	0.102191	-0.000001
732.00	0.0000007	0.002607	0.102198	-0.000001
733.00	0.0000007	0.003593	0.102205	-0.000001
734.00	0.0000002	0.002940	0.102212	-0.000001
735.00	0.0000002	0.002635	0.102219	-0.000001
736.00	0.0000002	0.003671	0.102226	-0.000001
737.00	0.0000007	0.004856	0.102234	-0.000001
738.00	0.0000007	0.001422	0.102241	-0.000001
739.00	0.0000005	0.003252	0.102248	-0.000001
740.00	0.0000002	0.002599	0.102255	-0.000001
741.00	0.0000006	0.003089	0.102262	-0.000001
742.00	0.0000012	0.002834	0.102269	-0.000001
743.00	0.0000012	0.000790	0.102276	-0.000001
744.00	0.0000009	0.000435	0.102284	-0.000001
745.00	0.0000012	0.001670	0.102291	-0.000001
746.00	0.0000022	0.003004	0.102298	-0.000001
747.00	0.0000032	0.002500	0.102305	-0.000001
748.00	0.0000042	0.003983	0.102312	-0.000001
749.00	0.0000047	0.002883	0.102319	-0.000001
750.00	0.0000047	0.001187	0.102326	-0.000001
751.00	0.0000050	0.001130	0.102334	-0.000001
752.00	0.0000053	0.001868	0.102341	-0.000001
753.00	0.0000052	0.002358	0.102348	-0.000001
754.00	0.0000046	0.003543	0.102355	-0.000001
755.00	0.0000036	0.001002	0.102362	-0.000001
756.00	0.0000027	-0.000197	0.102369	-0.000001
757.00	0.0000027	0.000243	0.102376	-0.000001
758.00	0.0000027	0.000484	0.102384	-0.000001
759.00	0.0000022	0.001917	0.102391	-0.000001
760.00	0.0000015	0.002655	0.102398	-0.000001
761.00	0.0000010	0.000761	0.102405	-0.000001
762.00	0.0000012	0.000207	0.102412	-0.000001
763.00	0.0000012	0.002684	0.102419	-0.000001
764.00	0.0000012	0.002826	0.102426	-0.000001
765.00	0.0000007	0.002322	0.102433	-0.000001
766.00	0.0000004	-0.000467	0.102441	-0.000001
767.00	0.0000007	-0.000226	0.102448	-0.000001
768.00	0.0000009	0.001555	0.102455	-0.000001
769.00	0.0000009	0.001697	0.102462	-0.000001
770.00	0.0000007	-0.000247	0.102469	-0.000001
771.00	0.0000002	0.002031	0.102476	-0.000001
772.00	0.0000002	0.002123	0.102483	-0.000001
773.00	0.0000007	0.001867	0.102490	-0.000001
774.00	0.0000009	0.000618	0.102498	-0.000001
775.00	0.0000007	0.000711	0.102505	-0.000001
776.00	0.0000003	-0.000389	0.102512	-0.000001
777.00	0.0000002	0.001143	0.102519	-0.000001
778.00	0.0000006	0.001832	0.102526	-0.000001
779.00	0.0000011	0.001328	0.102533	-0.000001
780.00	0.0000003	0.000675	0.102540	-0.000001
781.00	0.0000007	0.001860	0.102548	-0.000001
782.00	0.0000002	0.000015	0.102555	-0.000001
783.00	0.0000002	0.001597	0.102562	-0.000001
784.00	0.0000007	0.001193	0.102569	-0.000001
785.00	0.0000008	0.000540	0.102576	-0.000001
786.00	0.0000007	0.000533	0.102583	-0.000001
787.00	0.0000002	0.002562	0.102590	-0.000001
788.00	0.0000002	-0.002660	0.102598	-0.000001
789.00	0.0000002	0.001306	0.102605	-0.000001
790.00	0.0000007	0.003335	0.102612	-0.000001
791.00	0.0000007	0.000100	0.102619	-0.000001
792.00	0.0000004	0.003719	0.102626	-0.000001
793.00	0.0000000	-0.000014	0.102633	-0.000001
794.00	-0.0000001	0.000128	0.102640	-0.000001
795.00	0.0000002	0.002853	0.102648	-0.000001
796.00	0.0000007	0.001157	0.102655	-0.000001
797.00	0.0000007	-0.000589	0.102662	-0.000001
798.00	0.0000002	0.002980	0.102669	-0.000001
799.00	-0.0000003	0.000688	0.102676	-0.000001
800.00	-0.0000006	0.001228	0.102683	-0.000001
801.00	0.0000003	0.001419	0.102690	-0.000001
802.00	0.0000006	-0.004250	0.102697	-0.000001
803.00	0.0000004	0.003739	0.102705	-0.000001
804.00	0.0000001	0.000504	0.102712	-0.000001
805.00	-0.0000004	0.000149	0.102719	-0.000001
806.00	-0.0000006	0.001185	0.102726	-0.000001
807.00	0.0000004	0.000184	0.102733	-0.000001
808.00	0.0000006	-0.001313	0.102740	-0.000001
809.00	0.0000001	-0.000029	0.102747	-0.000001
810.00	-0.0000001	0.000163	0.102755	-0.000001
811.00	-0.0000004	0.001646	0.102762	-0.000001
812.00	0.0000001	0.000149	0.102769	-0.000001
813.00	0.0000005	-0.000554	0.102776	-0.000001
814.00	0.0000005	0.001028	0.102783	-0.000001
815.00	0.0000001	0.001468	0.102790	-0.000001
816.00	-0.0000007	0.000070	0.102797	-0.000001
817.00	-0.0000003	0.002298	0.102804	-0.000001
818.00	0.0000001	0.001993	0.102812	-0.000001
819.00	0.0000006	0.001787	0.102819	-0.000001
820.00	0.0000004	0.000290	0.102826	-0.000001
821.00	0.0000001	0.001773	0.102833	-0.000001
822.00	-0.0000004	-0.000568	0.102840	-0.000001
823.00	-0.0000001	0.001113	0.102847	-0.000001
824.00	0.0000003	0.001752	0.102854	-0.000001
825.00	0.0000006	0.000453	0.102862	-0.000001
826.00	0.0000002	0.000694	0.102869	-0.000001
827.00	-0.0000001	0.000687	0.102876	-0.000001
828.00	-0.0000004	0.000183	0.102883	-0.000001
829.00	0.0000001	0.001319	0.102890	-0.000001
830.00	0.0000004	-0.000824	0.102897	-0.000001
831.00	0.0000006	0.000559	0.102904	-0.000001
832.00	0.0000001	0.002440	0.102912	-0.000001
833.00	-0.0000002	0.000843	0.102919	-0.000001
834.00	-0.0000004	0.003270	0.102926	-0.000001
835.00	0.0000001	0.000084	0.102933	-0.000001
836.00	0.0000005	0.002610	0.102940	-0.000001
837.00	0.0000006	0.002404	0.102947	-0.000001
838.00	0.0000001	-0.000136	0.102954	-0.000001
839.00	-0.0000003	0.002489	0.102961	-0.000001
840.00	-0.0000003	0.002432	0.102969	-0.000001
841.00	0.0000001	-0.000754	0.102976	-0.000001
842.00	0.0000006	0.002865	0.102983	-0.000001
843.00	0.0000005	-0.000073	0.102990	-0.000001
844.00	-0.0000000	0.001410	0.102997	-0.000001
845.00	-0.0000004	0.005377	0.103004	-0.000001
846.00	-0.0000000	0.002290	0.103011	-0.000001
847.00	0.0000003	0.001687	0.103019	-0.000001
848.00	0.0000006	0.003865	0.103026	-0.000001
849.00	0.0000003	0.002567	0.103033	-0.000001
850.00	-0.0000000	0.002808	0.103040	-0.000001
851.00	-0.0000004	0.001013	0.103047	-0.000001
852.00	0.0000001	0.003141	0.103054	-0.000001
853.00	0.0000006	0.001545	0.103061	-0.000001
854.00	0.0000006	0.003624	0.103069	-0.000001
855.00	0.0000002	-0.002095	0.103076	-0.000001
856.00	-0.0000001	0.002666	0.103083	-0.000001
857.00	0.0000001	0.000026	0.103090	-0.000001
858.00	0.0000006	0.002006	0.103097	-0.000001
859.00	0.0000008	-0.000038	0.103104	-0.000001
860.00	0.0000009	0.000402	0.103111	-0.000001
861.00	0.0000007	0.000892	0.103118	-0.000001
862.00	0.0000006	0.002424	0.103126	-0.000001
863.00	0.0000013	0.004056	0.103133	-0.000001
864.00	0.0000021	0.004645	0.103140	-0.000001
865.00	0.0000026	0.001658	0.103147	-0.000001
866.00	0.0000029	0.003191	0.103154	-0.000001
867.00	0.0000031	0.002687	0.103161	-0.000001
868.00	0.0000027	-0.000201	0.103168	-0.000001
869.00	0.0000030	0.002325	0.103175	-0.000001
870.00	0.0000025	0.003559	0.103183	-0.000001
871.00	0.0000020	0.001665	0.103190	-0.000001
872.00	0.0000013	0.003694	0.103197	-0.000001
873.00	0.0000010	0.006518	0.103204	-0.000001
874.00	0.0000010	0.002190	0.103211	-0.000001
875.00	0.0000012	0.000494	0.103218	-0.000001
876.00	0.0000010	0.000189	0.103225	-0.000001
877.00	0.0000008	0.000728	0.103233	-0.000001
878.00	0.0000005	0.004595	0.103240	-0.000001
879.00	0.0000005	0.002353	0.103247	-0.000001
880.00	0.0000008	0.001451	0.103254	-0.000001
881.00	0.0000010	0.003083	0.103261	-0.000001
882.00	0.0000010	0.003027	0.103268	-0.000001
883.00	0.0000005	0.000089	0.103275	-0.000001
884.00	0.0000005	0.003211	0.103283	-0.000001
885.00	0.0000007	0.000422	0.103290	-0.000001
886.00	0.0000012	-0.000330	0.103297	-0.000001
887.00	0.0000012	-0.000933	0.103304	-0.000001
888.00	0.0000010	0.000649	0.103311	-0.000001
889.00	0.0000007	-0.000103	0.103318	-0.000001
890.00	0.0000009	0.001579	0.103325	-0.000001
891.00	0.0000015	0.003360	0.103333	-0.000001
892.00	0.0000015	0.000521	0.103340	-0.000001
893.00	0.0000015	0.000167	0.103347	-0.000001
894.00	0.0000010	0.000060	0.103354	-0.000001
895.00	0.0000008	0.000748	0.103361	-0.000001
896.00	0.0000010	0.001337	0.103368	-0.000001
897.00	0.0000015	0.001678	0.103375	-0.000001
898.00	0.0000015	0.001770	0.103383	-0.000001
899.00	0.0000011	0.000620	0.103390	-0.000001
900.00	0.0000010	0.002650	0.103397	-0.000001
901.00	0.0000010	0.002990	0.103404	-0.000001
902.00	0.0000015	0.002238	0.103411	-0.000001
903.00	0.0000015	0.000244	0.103418	-0.000001
904.00	0.0000010	0.004211	0.103425	-0.000001
905.00	0.0000012	-0.000998	0.103469	-0.000001
906.00	0.0000014	-0.000851	0.103470	-0.000001
907.00	0.0000010	0.000538	0.103472	-0.000001
908.00	0.0000005	0.003815	0.103473	-0.000001
909.00	0.0000004	0.002770	0.103475	-0.000001
910.00	0.0000005	0.003265	0.103477	-0.000001
911.00	0.0000007	-0.000462	0.103478	-0.000001
912.00	0.0000006	0.002467	0.103480	-0.000001
913.00	0.0000000	0.001770	0.103482	-0.000001
914.00	0.0000000	0.004749	0.103483	-0.000001
915.00	0.0000000	0.001072	0.103485	-0.000001
916.00	0.0000005	-0.000519	0.103486	-0.000001
917.00	0.0000005	0.002807	0.103488	-0.000001
918.00	0.0000000	0.002011	0.103490	-0.000001
919.00	-0.0000002	0.001065	0.103491	-0.000001
920.00	0.0000000	0.002007	0.103493	-0.000001
921.00	0.0000005	0.000714	0.103494	-0.000001
922.00	0.0000004	-0.000281	0.103496	-0.000001
923.00	0.0000000	0.001556	0.103498	-0.000001
924.00	-0.0000004	0.000511	0.103499	-0.000001
925.00	-0.0000002	0.002645	0.103501	-0.000001
926.00	0.0000002	0.001004	0.103502	-0.000001
927.00	0.0000005	0.002145	0.103504	-0.000001
928.00	0.0000000	0.000256	0.103506	-0.000001
929.00	-0.0000004	0.001695	0.103507	-0.000001
930.00	-0.0000002	-0.000095	0.103509	-0.000001
931.00	0.0000001	-0.000643	0.103511	-0.000001
932.00	0.0000005	0.003876	0.103512	-0.000001
933.00	0.0000001	-0.000249	0.103514	-0.000001
934.00	-0.0000003	0.000197	0.103515	-0.000001
935.00	-0.0000005	0.000543	0.103517	-0.000001
936.00	0.0000000	0.002081	0.103519	-0.000001
937.00	0.0000005	0.001384	0.103520	-0.000001
938.00	0.0000002	-0.000207	0.103522	-0.000001
939.00	-0.0000002	-0.000010	0.103523	-0.000001
940.00	-0.0000005	0.000286	0.103525	-0.000001
941.00	0.0000000	-0.002099	0.103527	-0.000001
942.00	0.0000005	0.000829	0.103528	-0.000001
943.00	-0.0000001	0.001970	0.103530	-0.000001
944.00	-0.0000001	0.000528	0.103532	-0.000001
945.00	-0.0000005	-0.000119	0.103533	-0.000001
946.00	0.0000000	0.001816	0.103535	-0.000001
947.00	0.0000005	0.001219	0.103536	-0.000001
948.00	0.0000005	0.002260	0.103538	-0.000001
949.00	0.0000000	0.000967	0.103540	-0.000001
950.00	-0.0000005	0.002257	0.103541	-0.000001
951.00	-0.0000005	0.003944	0.103543	-0.000001
952.00	0.0000003	0.000764	0.103544	-0.000001
953.00	0.0000004	0.003941	0.103546	-0.000001
954.00	0.0000000	-0.000134	0.103548	-0.000001
955.00	-0.0000005	0.000908	0.103549	-0.000001
956.00	-0.0000001	-0.000584	0.103551	-0.000001
957.00	0.0000002	-0.000983	0.103553	-0.000001
958.00	0.0000004	-0.001133	0.103554	-0.000001
959.00	0.0000000	0.001746	0.103556	-0.000001
960.00	-0.0000005	-0.002229	0.103557	-0.000001
961.00	0.0000000	0.001196	0.103559	-0.000001
962.00	0.0000003	-0.000395	0.103561	-0.000001
963.00	0.0000005	-0.002880	0.103562	-0.000001
964.00	0.0000000	-0.001441	0.103564	-0.000001
965.00	-0.0000004	0.000147	0.103565	-0.000001
966.00	0.0000000	-0.002040	0.103567	-0.000001
967.00	0.0000005	0.000143	0.103569	-0.000001
968.00	0.0000005	-0.000156	0.103570	-0.000001
969.00	0.0000000	-0.001350	0.103572	-0.000001
970.00	-0.0000005	0.001629	0.103574	-0.000001
971.00	0.0000000	-0.000608	0.103575	-0.000001
972.00	0.0000005	-0.002149	0.103577	-0.000001
973.00	0.0000005	0.000034	0.103578	-0.000001
974.00	0.0000000	0.001424	0.103580	-0.000001
975.00	0.0000000	-0.000168	0.103582	-0.000001
976.00	0.0000003	0.003208	0.103583	-0.000001
977.00	0.0000006	0.000276	0.103585	-0.000001
978.00	0.0000008	0.001218	0.103586	-0.000001
979.00	0.0000004	0.002359	0.103588	-0.000001
980.00	0.0000000	0.000023	0.103590	-0.000001
981.00	0.0000002	-0.002512	0.103591	-0.000001
982.00	0.0000005	-0.001669	0.103593	-0.000001
983.00	0.0000005	0.000863	0.103595	-0.000001
984.00	0.0000001	-0.001921	0.103596	-0.000001
985.00	-0.0000006	0.001505	0.103598	-0.000001
986.00	0.0000000	-0.001228	0.103599	-0.000001
987.00	0.0000005	0.000061	0.103601	-0.000001
988.00	0.0000005	0.000159	0.103603	-0.000001
989.00	0.0000000	0.000903	0.103604	-0.000001
990.00	-0.0000002	0.000255	0.103606	-0.000001
991.00	0.0000000	-0.001584	0.103607	-0.000001
992.00	0.0000005	-0.000741	0.103609	-0.000001
993.00	0.0000005	0.000996	0.103611	-0.000001
994.00	0.0000001	-0.000049	0.103612	-0.000001
995.00	-0.0000002	-0.000200	0.103614	-0.000001
996.00	0.0000000	0.003325	0.103615	-0.000001
997.00	0.0000003	-0.000600	0.103617	-0.000001
998.00	0.0000005	0.002428	0.103619	-0.000001
999.00	0.0000000	0.002079	0.103620	-0.000001
1000.00	-0.0000004	-0.000407	0.103622	-0.000001
1001.00	-0.0000001	0.001877	0.103624	-0.000001
1002.00	0.0000005	0.001726	0.103625	-0.000001
1003.00	0.0000005	0.001128	0.103627	-0.000001
1004.00	0.0000000	0.000084	0.103628	-0.000001
1005.00	-0.0000003	-0.001905	0.103630	-0.000001
1006.00	0.0000000	-0.000069	0.103632	-0.000001
1007.00	0.0000005	0.000129	0.103633	-0.000001
1008.00	0.0000005	-0.000767	0.103635	-0.000001
1009.00	0.0000000	0.000274	0.103636	-0.000001
1010.00	-0.0000004	0.003650	0.103638	-0.000001
1011.00	0.0000001	0.001016	0.103640	-0.000001
1012.00	0.0000005	0.003150	0.103641	-0.000001
1013.00	0.0000005	0.002702	0.103643	-0.000001
1014.00	-0.0000001	0.001856	0.103645	-0.000001
1015.00	-0.0000001	0.001705	0.103646	-0.000001
1016.00	0.0000002	0.001703	0.103648	-0.000001
1017.00	0.0000005	0.001056	0.103649	-0.000001
1018.00	0.0000004	0.002197	0.103651	-0.000001
1019.00	0.0000000	0.003089	0.103653	-0.000001
1020.00	0.0000000	0.003088	0.103654	-0.000001
1021.00	0.0000004	0.001348	0.103656	-0.000001
1022.00	0.0000005	0.001197	0.103657	-0.000001
1023.00	0.0000003	-0.000593	0.103659	-0.000001
1024.00	0.0000000	0.000300	0.103661	-0.000001
1025.00	0.0000000	0.000447	0.103662	-0.000001
1026.00	0.0000005	0.001538	0.103664	-0.000001
1027.00	0.0000005	0.001884	0.103666	-0.000001
1028.00	0.0000004	0.001088	0.103667	-0.000001
1029.00	0.0000000	0.003570	0.103669	-0.000001
1030.00	0.0000001	0.001433	0.103670	-0.000001
1031.00	0.0000006	0.004063	0.103672	-0.000001
1032.00	0.0000010	0.001280	0.103674	-0.000001
1033.00	0.0000005	0.000484	0.103675	-0.000001
1034.00	-0.0000002	0.003711	0.103677	-0.000001
1035.00	0.0000005	0.002318	0.103678	-0.000001
1036.00	0.0000010	0.001621	0.103680	-0.000001
1037.00	0.0000010	0.003160	0.103682	-0.000001
1038.00	0.0000001	0.003903	0.103683	-0.000001
1039.00	0.0000005	0.001070	0.103685	-0.000001
1040.00	0.0000006	0.002509	0.103686	-0.000001
1041.00	0.0000010	0.002657	0.103688	-0.000001
1042.00	0.0000010	0.003450	0.103690	-0.000001
1043.00	0.0000007	0.001958	0.103691	-0.000001
1044.00	0.0000005	0.002155	0.103693	-0.000001
1045.00	0.0000009	0.002302	0.103695	-0.000001
1046.00	0.0000012	0.000860	0.103696	-0.000001
1047.00	0.0000010	-0.000433	0.103698	-0.000001
1048.00	0.0000006	-0.000037	0.103699	-0.000001
1049.00	0.0000005	0.002346	0.103701	-0.000001
1050.00	0.0000006	0.000556	0.103703	-0.000001
1051.00	0.0000015	-0.001333	0.103704	-0.000001
1052.00	0.0000012	0.000155	0.103706	-0.000001
1053.00	0.0000010	-0.002529	0.103707	-0.000001
1054.00	0.0000010	0.000847	0.103709	-0.000001
1055.00	0.0000015	0.002187	0.103711	-0.000001
1056.00	0.0000011	0.001142	0.103712	-0.000001
1057.00	0.0000015	0.001389	0.103714	-0.000001
1058.00	0.0000010	0.002281	0.103716	-0.000001
1059.00	0.0000015	0.001286	0.103717	-0.000001
1060.00	0.0000020	0.000589	0.103719	-0.000001
1061.00	0.0000020	0.001730	0.103720	-0.000001
1062.00	0.0000018	0.002970	0.103722	-0.000001
1063.00	0.0000015	0.001926	0.103724	-0.000001
1064.00	0.0000020	-0.000560	0.103725	-0.000001
1065.00	0.0000024	0.002270	0.103727	-0.000001
1066.00	0.0000020	0.002517	0.103728	-0.000001
1067.00	0.0000017	0.001969	0.103730	-0.000001
1068.00	0.0000015	-0.002205	0.103732	-0.000001
1069.00	0.0000019	-0.002455	0.103733	-0.000001
1070.00	0.0000020	0.000474	0.103735	-0.000001
1071.00	0.0000020	0.000174	0.103737	-0.000001
1072.00	0.0000015	-0.001417	0.103738	-0.000001
1073.00	0.0000012	-0.001021	0.103740	-0.000001
1074.00	0.0000015	0.000418	0.103741	-0.000001
1075.00	0.0000014	-0.000279	0.103743	-0.000001
1076.00	0.0000015	0.001607	0.103745	-0.000001
1077.00	0.0000010	0.000115	0.103746	-0.000001
1078.00	0.0000010	-0.000085	0.103748	-0.000001
1079.00	0.0000011	-0.000584	0.103749	-0.000001
1080.00	0.0000015	0.000706	0.103751	-0.000001
1081.00	0.0000015	0.000506	0.103753	-0.000001
1082.00	0.0000009	0.000604	0.103754	-0.000001
1083.00	0.0000005	-0.003223	0.103756	-0.000001
1084.00	0.0000007	0.000898	0.103758	-0.000001
1085.00	0.0000010	-0.000047	0.103759	-0.000001
1086.00	0.0000010	0.000547	0.103761	-0.000001
1087.00	0.0000008	-0.000497	0.103762	-0.000001
1088.00	0.0000005	-0.001592	0.103764	-0.000001
1089.00	0.0000005	0.000046	0.103766	-0.000001
1090.00	0.0000010	0.001534	0.103767	-0.000001
1091.00	0.0000010	-0.000603	0.103769	-0.000001
1092.00	0.0000010	-0.001548	0.103770	-0.000001
1093.00	0.0000005	-0.001004	0.103772	-0.000001
1094.00	0.0000005	-0.001800	0.103774	-0.000001
1095.00	0.0000009	-0.000113	0.103775	-0.000001
1096.00	0.0000010	0.000233	0.103777	-0.000001
1097.00	0.0000010	-0.000513	0.103778	-0.000001
1098.00	0.0000005	0.000329	0.103780	-0.000001
1099.00	0.0000005	0.001569	0.103782	-0.000001
1100.00	0.0000007	0.000475	0.103783	-0.000001
1101.00	0.0000010	-0.000172	0.103785	-0.000001
1102.00	0.0000017	-0.001129	0.103798	-0.000001
1103.00	0.0000020	0.000807	0.103799	-0.000001
1104.00	0.0000025	-0.001480	0.103801	-0.000001
1105.00	0.0000025	-0.002475	0.103803	-0.000001
1106.00	0.0000023	-0.002143	0.103868	-0.000001
1107.00	0.0000026	0.000073	0.103887	-0.000001
1108.00	0.0000027	-0.003770	0.103906	-0.000001
1109.00	0.0000024	-0.001405	0.103925	-0.000001
1110.00	0.0000025	0.000662	0.103944	-0.000001
1111.00	0.0000028	0.000147	0.103963	-0.000001
1112.00	0.0000030	-0.002455	0.103982	-0.000001
1113.00	0.0000031	0.000506	0.104001	-0.000001
1114.00	0.0000032	-0.000655	0.104020	-0.000001
1115.00	0.0000028	-0.002860	0.104039	-0.000001
1116.00	0.0000033	0.000400	0.104057	-0.000001
1117.00	0.0000036	-0.000861	0.104076	-0.000001
1118.00	0.0000040	0.001306	0.104095	-0.000001
1119.00	0.0000035	-0.003034	0.104114	-0.000001
1120.00	0.0000035	-0.000272	0.104133	-0.000001
1121.00	0.0000040	-0.001731	0.104152	-0.000001
1122.00	0.0000045	-0.003240	0.104171	-0.000001
1123.00	0.0000045	0.000417	0.104190	-0.000001
1124.00	0.0000045	-0.003179	0.104208	-0.000001
1125.00	0.0000045	-0.003049	0.104227	-0.000001
1126.00	0.0000048	-0.001627	0.104246	-0.000001
1127.00	0.0000055	-0.002590	0.104265	-0.000001
1128.00	0.0000056	-0.000125	0.104284	-0.000001
1129.00	0.0000055	-0.003621	0.104303	-0.000001
1130.00	0.0000055	-0.002895	0.104322	-0.000001
1131.00	0.0000060	-0.003659	0.104341	-0.000001
1132.00	0.0000063	-0.001244	0.104360	-0.000001
1133.00	0.0000072	-0.002455	0.104379	-0.000001
1134.00	0.0000073	-0.002275	0.104398	-0.000001
1135.00	0.0000071	-0.001946	0.104417	-0.000001
1136.00	0.0000080	-0.001071	0.104436	-0.000001
1137.00	0.0000089	-0.002481	0.104455	-0.000001
1138.00	0.0000095	0.000182	0.104473	-0.000001
1139.00	0.0000100	0.000561	0.104492	-0.000001
1140.00	0.0000097	-0.000451	0.104511	-0.000001
1141.00	0.0000109	-0.002358	0.104530	-0.000001
1142.00	0.0000120	-0.000837	0.104549	-0.000001
1143.00	0.0000130	-0.001700	0.104568	-0.000001
1144.00	0.0000135	-0.002117	0.104587	-0.000001
1145.00	0.0000140	-0.002533	0.104606	-0.000001
1146.00	0.0000150	-0.004489	0.104625	-0.000001
1147.00	0.0000165	-0.001577	0.104644	-0.000001
1148.00	0.0000180	-0.000951	0.104663	-0.000001
1149.00	0.0000189	0.000372	0.104682	-0.000001
1150.00	0.0000195	0.000402	0.104701	-0.000001
1151.00	0.0000210	0.000880	0.104719	-0.000001
1152.00	0.0000228	-0.001970	0.104738	-0.000001
1153.00	0.0000243	-0.004522	0.104757	-0.000001
1154.00	0.0000255	-0.001213	0.104776	-0.000001
1155.00	0.0000265	-0.002722	0.104795	-0.000001
1156.00	0.0000284	-0.002493	0.104814	-0.000001
1157.00	0.0000303	-0.003058	0.104833	-0.000001
1158.00	0.0000316	-0.001239	0.104852	-0.000001
1159.00	0.0000328	-0.005083	0.104871	-0.000001
1160.00	0.0000340	-0.001724	0.104890	-0.000001
1161.00	0.0000355	-0.000551	0.104909	-0.000001
1162.00	0.0000370	-0.001067	0.104928	-0.000001
1163.00	0.0000380	-0.004165	0.104947	-0.000001
1164.00	0.0000388	-0.003340	0.104965	-0.000001
1165.00	0.0000395	-0.003507	0.104984	-0.000001
1166.00	0.0000409	-0.002632	0.105003	-0.000001
1167.00	0.0000420	-0.003446	0.105022	-0.000001
1168.00	0.0000425	-0.003961	0.105041	-0.000001
1169.00	0.0000425	-0.002391	0.105060	-0.000001
1170.00	0.0000428	-0.004396	0.105079	-0.000001
1171.00	0.0000432	-0.003223	0.105098	-0.000001
1172.00	0.0000430	-0.005179	0.105117	-0.000001
1173.00	0.0000423	-0.003361	0.105135	-0.000001
1174.00	0.0000404	-0.002684	0.105154	-0.000001
1175.00	0.0000380	-0.004739	0.105173	-0.000001
1176.00	0.0000359	-0.004808	0.105192	-0.000001
1177.00	0.0000326	-0.002343	0.105211	-0.000001
1178.00	0.0000294	-0.003753	0.105230	-0.000001
1179.00	0.0000257	-0.002630	0.105249	-0.000001
1180.00	0.0000247	-0.000264	0.105268	-0.000001
1181.00	0.0000247	-0.003512	0.105287	-0.000001
1182.00	0.0000251	-0.004127	0.105306	-0.000001
1183.00	0.0000256	-0.002656	0.105325	-0.000001
1184.00	0.0000256	0.000604	0.105344	-0.000001
1185.00	0.0000266	-0.003240	0.105363	-0.000001
1186.00	0.0000277	-0.001918	0.105381	-0.000001
1187.00	0.0000301	-0.000844	0.105400	-0.000001
1188.00	0.0000321	-0.000565	0.105419	-0.000001
1189.00	0.0000339	-0.000435	0.105438	-0.000001
1190.00	0.0000365	-0.002440	0.105457	-0.000001
1191.00	0.0000401	-0.000324	0.105476	-0.000001
1192.00	0.0000440	-0.001336	0.105495	-0.000001
1193.00	0.0000485	-0.003640	0.105514	-0.000001
1194.00	0.0000531	-0.002417	0.105533	-0.000001
1195.00	0.0000590	-0.004820	0.105552	-0.000001
1196.00	0.0000669	-0.002554	0.105571	-0.000001
1197.00	0.0000760	-0.003020	0.105590	-0.000001
1198.00	0.0000863	-0.003337	0.105609	-0.000001
1199.00	0.0000978	-0.006584	0.105627	-0.000001
1200.00	0.0001117	-0.004766	0.105646	-0.000001
