Bentham+Kilukarp+B487 datafile
2024-11-16 17:13:27
Slits: 1.000
Avg: 3
Comment: Halpha filter full slot 0_6 (Baader 3.5nm Halpha)

00:00:04	-0.000001	0.107636	24.2	-1.5	4.3
00:03:09	-0.000001	0.103563	24.2	-1.5	4.3
00:06:13	-0.000001	0.102520	24.2	-1.5	4.3
00:09:19	-0.000001	0.102719	24.2	-1.5	4.3
00:12:24	-0.000001	0.102172	24.2	-1.5	4.3
00:13:52	-0.000001	0.102570	24.2	-1.5	4.3

nm	b487	kilu
300.00	-0.0000005	-0.002600	0.107405	-0.000001
301.00	0.0000000	0.000399	0.107386	-0.000001
302.00	0.0000003	-0.000725	0.107367	-0.000001
303.00	-0.0000002	-0.002097	0.107349	-0.000001
304.00	-0.0000007	-0.001631	0.107330	-0.000001
305.00	-0.0000004	-0.004840	0.107311	-0.000001
306.00	-0.0000001	-0.002437	0.107292	-0.000001
307.00	0.0000004	-0.001475	0.107273	-0.000001
308.00	-0.0000005	0.000084	0.107254	-0.000001
309.00	-0.0000005	-0.004367	0.107235	-0.000001
310.00	-0.0000005	-0.002709	0.107216	-0.000001
311.00	0.0000003	-0.001079	0.107076	-0.000001
312.00	-0.0000001	-0.002898	0.107057	-0.000001
313.00	-0.0000005	-0.000942	0.107038	-0.000001
314.00	-0.0000007	0.001560	0.107019	-0.000001
315.00	0.0000003	-0.001004	0.107001	-0.000001
316.00	0.0000003	-0.003866	0.106982	-0.000001
317.00	-0.0000001	-0.000866	0.106963	-0.000001
318.00	-0.0000006	-0.001195	0.106944	-0.000001
319.00	-0.0000001	0.000513	0.106925	-0.000001
320.00	0.0000002	0.000283	0.106906	-0.000001
321.00	0.0000003	0.000004	0.106887	-0.000001
322.00	-0.0000001	-0.001716	0.106868	-0.000001
323.00	-0.0000006	0.000886	0.106849	-0.000001
324.00	-0.0000006	0.001253	0.106830	-0.000001
325.00	0.0000003	-0.000864	0.106812	-0.000001
326.00	0.0000003	-0.001789	0.106793	-0.000001
327.00	-0.0000001	-0.000380	0.106774	-0.000001
328.00	-0.0000006	-0.001106	0.106755	-0.000001
329.00	-0.0000001	0.001198	0.106736	-0.000001
330.00	0.0000003	-0.001813	0.106717	-0.000001
331.00	-0.0000003	-0.000205	0.106698	-0.000001
332.00	-0.0000002	0.001205	0.106679	-0.000001
333.00	-0.0000006	-0.002303	0.106660	-0.000001
334.00	-0.0000001	0.001193	0.106641	-0.000001
335.00	0.0000004	-0.000427	0.106623	-0.000001
336.00	-0.0000002	-0.000011	0.106604	-0.000001
337.00	-0.0000002	-0.000240	0.106585	-0.000001
338.00	-0.0000003	-0.000022	0.106566	-0.000001
339.00	0.0000001	-0.000649	0.106547	-0.000001
340.00	0.0000005	0.000164	0.106528	-0.000001
341.00	-0.0000000	0.000581	0.106509	-0.000001
342.00	-0.0000005	-0.000096	0.106490	-0.000001
343.00	-0.0000002	0.001513	0.106471	-0.000001
344.00	0.0000001	0.001333	0.106452	-0.000001
345.00	-0.0000000	0.001749	0.106433	-0.000001
346.00	-0.0000000	0.002215	0.106414	-0.000001
347.00	-0.0000005	0.000495	0.106396	-0.000001
348.00	-0.0000002	0.002352	0.106377	-0.000001
349.00	0.0000004	0.000782	0.106358	-0.000001
350.00	0.0000004	0.000850	0.106339	-0.000001
351.00	-0.0000001	0.000372	0.106320	-0.000001
352.00	-0.0000005	0.001285	0.106301	-0.000001
353.00	-0.0000000	0.001553	0.106282	-0.000001
354.00	0.0000005	-0.001607	0.106263	-0.000001
355.00	0.0000000	0.001292	0.106244	-0.000001
356.00	-0.0000004	-0.002066	0.106225	-0.000001
357.00	0.0000000	-0.002345	0.106206	-0.000001
358.00	0.0000003	-0.003220	0.106187	-0.000001
359.00	0.0000005	0.002560	0.106169	-0.000001
360.00	-0.0000001	0.000841	0.106150	-0.000001
361.00	-0.0000005	-0.001922	0.106131	-0.000001
362.00	0.0000000	0.001971	0.106112	-0.000001
363.00	0.0000005	-0.000344	0.106093	-0.000001
364.00	0.0000002	0.001761	0.106074	-0.000001
365.00	-0.0000003	-0.000605	0.106055	-0.000001
366.00	-0.0000004	0.000259	0.106036	-0.000001
367.00	0.0000002	0.000427	0.106017	-0.000001
368.00	0.0000005	0.003873	0.105998	-0.000001
369.00	0.0000000	0.000911	0.105980	-0.000001
370.00	-0.0000005	0.000384	0.105961	-0.000001
371.00	-0.0000001	-0.000740	0.105942	-0.000001
372.00	0.0000004	0.002508	0.105923	-0.000001
373.00	0.0000004	0.000192	0.105904	-0.000001
374.00	-0.0000001	0.000906	0.105885	-0.000001
375.00	-0.0000004	0.002416	0.105866	-0.000001
376.00	0.0000002	-0.000546	0.105847	-0.000001
377.00	0.0000006	0.002751	0.105828	-0.000001
378.00	0.0000002	-0.002842	0.105810	-0.000001
379.00	-0.0000003	-0.000241	0.105791	-0.000001
380.00	-0.0000002	-0.000321	0.105772	-0.000001
381.00	0.0000003	0.000542	0.105753	-0.000001
382.00	0.0000006	0.001853	0.105734	-0.000001
383.00	0.0000001	0.000431	0.105715	-0.000001
384.00	-0.0000003	0.001245	0.105696	-0.000001
385.00	0.0000001	-0.001667	0.105677	-0.000001
386.00	0.0000005	0.003170	0.105658	-0.000001
387.00	0.0000005	0.002096	0.105639	-0.000001
388.00	0.0000001	0.000923	0.105620	-0.000001
389.00	-0.0000004	0.003475	0.105601	-0.000001
390.00	0.0000001	0.000067	0.105583	-0.000001
391.00	0.0000005	0.000731	0.105564	-0.000001
392.00	0.0000004	0.000105	0.105545	-0.000001
393.00	0.0000001	-0.000324	0.105526	-0.000001
394.00	-0.0000004	0.000689	0.105507	-0.000001
395.00	0.0000001	0.003688	0.105488	-0.000001
396.00	0.0000006	0.001621	0.105469	-0.000001
397.00	0.0000002	-0.001291	0.105450	-0.000001
398.00	-0.0000000	0.001112	0.105431	-0.000001
399.00	-0.0000004	0.001081	0.105412	-0.000001
400.00	0.0000006	0.001975	0.105363	-0.000001
401.00	0.0000001	0.000007	0.105344	-0.000001
402.00	-0.0000004	0.002112	0.105325	-0.000001
403.00	0.0000000	0.001883	0.105306	-0.000001
404.00	0.0000004	-0.002569	0.105287	-0.000001
405.00	0.0000006	0.000381	0.105269	-0.000001
406.00	0.0000002	0.001045	0.105250	-0.000001
407.00	-0.0000003	-0.000227	0.105231	-0.000001
408.00	0.0000002	0.002325	0.105212	-0.000001
409.00	0.0000005	-0.001978	0.105193	-0.000001
410.00	0.0000006	0.003903	0.105174	-0.000001
411.00	0.0000002	-0.001344	0.105155	-0.000001
412.00	-0.0000003	0.002003	0.105136	-0.000001
413.00	-0.0000000	0.002022	0.105118	-0.000001
414.00	0.0000004	0.000352	0.105099	-0.000001
415.00	0.0000007	0.000719	0.105080	-0.000001
416.00	0.0000002	-0.000008	0.105061	-0.000001
417.00	-0.0000002	0.000707	0.105042	-0.000001
418.00	0.0000002	0.000875	0.105023	-0.000001
419.00	0.0000003	-0.000795	0.105004	-0.000001
420.00	0.0000007	-0.000230	0.104985	-0.000001
421.00	0.0000003	0.001428	0.104966	-0.000001
422.00	-0.0000001	0.000752	0.104947	-0.000001
423.00	-0.0000004	0.000472	0.104928	-0.000001
424.00	0.0000004	0.000392	0.104910	-0.000001
425.00	0.0000007	0.002795	0.104891	-0.000001
426.00	0.0000002	-0.000564	0.104872	-0.000001
427.00	-0.0000002	-0.001538	0.104853	-0.000001
428.00	-0.0000000	0.002206	0.104834	-0.000001
429.00	0.0000003	0.000487	0.104815	-0.000001
430.00	0.0000007	-0.001481	0.104796	-0.000001
431.00	0.0000002	-0.000469	0.104777	-0.000001
432.00	-0.0000001	-0.000549	0.104758	-0.000001
433.00	0.0000001	-0.001276	0.104739	-0.000001
434.00	0.0000006	0.000631	0.104720	-0.000001
435.00	0.0000007	-0.000890	0.104701	-0.000001
436.00	0.0000002	-0.000821	0.104683	-0.000001
437.00	-0.0000000	-0.000455	0.104664	-0.000001
438.00	0.0000002	0.000210	0.104645	-0.000001
439.00	0.0000007	-0.000020	0.104626	-0.000001
440.00	0.0000006	0.002284	0.104607	-0.000001
441.00	0.0000001	0.004340	0.104588	-0.000001
442.00	-0.0000001	-0.001751	0.104569	-0.000001
443.00	0.0000004	0.001993	0.104550	-0.000001
444.00	0.0000008	-0.001962	0.104531	-0.000001
445.00	0.0000004	-0.000452	0.104512	-0.000001
446.00	0.0000003	0.000162	0.104493	-0.000001
447.00	0.0000000	-0.000713	0.104474	-0.000001
448.00	0.0000006	-0.001141	0.104456	-0.000001
449.00	0.0000008	-0.000228	0.104437	-0.000001
450.00	0.0000006	-0.000209	0.104418	-0.000001
451.00	-0.0000004	-0.000736	0.104399	-0.000001
452.00	0.0000003	0.001021	0.104380	-0.000001
453.00	0.0000007	-0.001940	0.104361	-0.000001
454.00	0.0000008	0.000910	0.104342	-0.000001
455.00	0.0000003	-0.000512	0.104323	-0.000001
456.00	-0.0000002	-0.000940	0.104305	-0.000001
457.00	0.0000003	0.001115	0.104286	-0.000001
458.00	0.0000008	-0.001598	0.104267	-0.000001
459.00	0.0000008	-0.000883	0.104248	-0.000001
460.00	0.0000005	0.002165	0.104229	-0.000001
461.00	0.0000002	-0.000001	0.104210	-0.000001
462.00	0.0000011	0.000564	0.104191	-0.000001
463.00	0.0000078	0.001030	0.104172	-0.000001
464.00	0.0000028	0.000205	0.104153	-0.000001
465.00	0.0000007	0.002260	0.104134	-0.000001
466.00	0.0000041	0.000689	0.104115	-0.000001
467.00	0.0000017	0.000460	0.104096	-0.000001
468.00	0.0000008	0.002118	0.104078	-0.000001
469.00	0.0000005	0.001044	0.104059	-0.000001
470.00	0.0000001	0.000765	0.104040	-0.000001
471.00	0.0000003	0.002522	0.104021	-0.000001
472.00	0.0000008	0.000008	0.104002	-0.000001
473.00	0.0000008	0.002064	0.103983	-0.000001
474.00	0.0000003	0.002828	0.103964	-0.000001
475.00	-0.0000000	0.002250	0.103945	-0.000001
476.00	0.0000003	0.001971	0.103926	-0.000001
477.00	0.0000008	0.002884	0.103907	-0.000001
478.00	0.0000008	0.002953	0.103888	-0.000001
479.00	0.0000004	0.000240	0.103870	-0.000001
480.00	-0.0000001	0.002544	0.103851	-0.000001
481.00	0.0000004	0.001569	0.103832	-0.000001
482.00	0.0000009	0.000346	0.103813	-0.000001
483.00	0.0000009	0.002749	0.103794	-0.000001
484.00	0.0000004	-0.001454	0.103775	-0.000001
485.00	0.0000004	0.000552	0.103756	-0.000001
486.00	0.0000006	0.001664	0.103737	-0.000001
487.00	0.0000009	0.004663	0.103718	-0.000001
488.00	0.0000005	0.000907	0.103699	-0.000001
489.00	0.0000004	0.001870	0.103680	-0.000001
490.00	-0.0000002	0.002087	0.103661	-0.000001
491.00	0.0000003	-0.000036	0.103550	-0.000001
492.00	0.0000000	0.003197	0.103545	-0.000001
493.00	0.0000005	0.001017	0.103540	-0.000001
494.00	0.0000009	-0.001263	0.103535	-0.000001
495.00	0.0000005	0.002268	0.103530	-0.000001
496.00	-0.0000004	-0.000757	0.103525	-0.000001
497.00	0.0000002	0.002576	0.103520	-0.000001
498.00	0.0000007	0.002134	0.103516	-0.000001
499.00	0.0000009	0.000748	0.103511	-0.000001
500.00	0.0000004	0.002441	0.103506	-0.000001
501.00	0.0000000	0.001353	0.103501	-0.000001
502.00	0.0000003	-0.001225	0.103496	-0.000001
503.00	0.0000009	-0.001269	0.103491	-0.000001
504.00	0.0000009	-0.000669	0.103487	-0.000001
505.00	0.0000004	-0.000018	0.103482	-0.000001
506.00	-0.0000001	-0.000013	0.103477	-0.000001
507.00	0.0000004	0.002426	0.103472	-0.000001
508.00	0.0000008	0.003275	0.103467	-0.000001
509.00	0.0000009	0.000796	0.103462	-0.000001
510.00	0.0000003	0.002539	0.103457	-0.000001
511.00	-0.0000005	-0.000585	0.103453	-0.000001
512.00	0.0000004	0.001605	0.103448	-0.000001
513.00	0.0000009	0.001412	0.103443	-0.000001
514.00	0.0000009	0.002112	0.103438	-0.000001
515.00	0.0000006	0.003656	0.103433	-0.000001
516.00	0.0000004	0.000731	0.103428	-0.000001
517.00	0.0000005	0.003318	0.103424	-0.000001
518.00	0.0000009	0.001187	0.103419	-0.000001
519.00	0.0000008	0.003328	0.103414	-0.000001
520.00	0.0000003	0.001446	0.103409	-0.000001
521.00	0.0000004	0.002742	0.103404	-0.000001
522.00	0.0000006	0.002548	0.103399	-0.000001
523.00	0.0000009	0.003695	0.103394	-0.000001
524.00	0.0000006	0.001912	0.103390	-0.000001
525.00	0.0000004	0.005493	0.103385	-0.000001
526.00	0.0000004	0.001326	0.103380	-0.000001
527.00	0.0000007	0.003665	0.103375	-0.000001
528.00	0.0000009	-0.001347	0.103370	-0.000001
529.00	0.0000006	0.002979	0.103365	-0.000001
530.00	0.0000004	0.001146	0.103360	-0.000001
531.00	0.0000004	0.002294	0.103356	-0.000001
532.00	0.0000007	0.001702	0.103351	-0.000001
533.00	0.0000009	0.002154	0.103346	-0.000001
534.00	0.0000006	0.000917	0.103341	-0.000001
535.00	0.0000004	0.002214	0.103336	-0.000001
536.00	0.0000004	0.004553	0.103331	-0.000001
537.00	0.0000007	0.000385	0.103327	-0.000001
538.00	0.0000009	0.002874	0.103322	-0.000001
539.00	0.0000005	0.001091	0.103317	-0.000001
540.00	0.0000001	0.001592	0.103312	-0.000001
541.00	0.0000001	0.000306	0.103307	-0.000001
542.00	0.0000007	0.002148	0.103302	-0.000001
543.00	0.0000009	0.000961	0.103298	-0.000001
544.00	0.0000001	0.001661	0.103293	-0.000001
545.00	-0.0000000	0.001517	0.103288	-0.000001
546.00	0.0000001	0.000379	0.103283	-0.000001
547.00	0.0000004	0.002023	0.103278	-0.000001
548.00	0.0000009	-0.000952	0.103273	-0.000001
549.00	0.0000004	0.002331	0.103268	-0.000001
550.00	0.0000001	0.001293	0.103264	-0.000001
551.00	-0.0000001	-0.000739	0.103259	-0.000001
552.00	0.0000004	0.002594	0.103254	-0.000001
553.00	0.0000008	0.002798	0.103249	-0.000001
554.00	0.0000004	0.003448	0.103244	-0.000001
555.00	0.0000002	0.001019	0.103239	-0.000001
556.00	-0.0000001	0.002564	0.103234	-0.000001
557.00	0.0000004	-0.000213	0.103230	-0.000001
558.00	0.0000008	0.001977	0.103225	-0.000001
559.00	0.0000008	0.002578	0.103220	-0.000001
560.00	0.0000003	0.001242	0.103215	-0.000001
561.00	0.0000003	0.001247	0.103210	-0.000001
562.00	0.0000005	0.000159	0.103205	-0.000001
563.00	0.0000007	0.001306	0.103201	-0.000001
564.00	0.0000008	0.000765	0.103196	-0.000001
565.00	0.0000006	0.000422	0.103191	-0.000001
566.00	-0.0000002	0.001569	0.103186	-0.000001
567.00	0.0000003	0.000481	0.103181	-0.000001
568.00	0.0000007	0.002970	0.103176	-0.000001
569.00	0.0000008	0.001186	0.103171	-0.000001
570.00	0.0000004	0.001539	0.103167	-0.000001
571.00	-0.0000001	0.001643	0.103162	-0.000001
572.00	0.0000000	0.000655	0.103157	-0.000001
573.00	0.0000003	-0.000980	0.103152	-0.000001
574.00	0.0000003	0.001409	0.103147	-0.000001
575.00	0.0000005	0.000669	0.103142	-0.000001
576.00	0.0000002	0.000376	0.103138	-0.000001
577.00	-0.0000002	-0.000116	0.103133	-0.000001
578.00	0.0000003	-0.000310	0.103128	-0.000001
579.00	0.0000008	0.000142	0.103123	-0.000001
580.00	0.0000007	0.002432	0.103118	-0.000001
581.00	0.0000003	-0.001785	0.103113	-0.000001
582.00	-0.0000002	0.000703	0.103108	-0.000001
583.00	0.0000003	0.000509	0.103104	-0.000001
584.00	0.0000001	-0.002317	0.103099	-0.000001
585.00	0.0000008	0.002257	0.103094	-0.000001
586.00	0.0000005	0.002262	0.103089	-0.000001
587.00	0.0000002	-0.001508	0.103084	-0.000001
588.00	-0.0000002	0.001576	0.103079	-0.000001
589.00	0.0000003	0.000737	0.103075	-0.000001
590.00	0.0000008	0.001040	0.103070	-0.000001
591.00	0.0000007	0.000945	0.103065	-0.000001
592.00	0.0000003	0.001844	0.103060	-0.000001
593.00	-0.0000002	0.003091	0.103055	-0.000001
594.00	0.0000001	-0.001722	0.103050	-0.000001
595.00	0.0000004	-0.000327	0.103045	-0.000001
596.00	0.0000008	0.001218	0.103041	-0.000001
597.00	0.0000003	0.000577	0.103036	-0.000001
598.00	0.0000001	-0.000263	0.103031	-0.000001
599.00	-0.0000002	0.000984	0.103026	-0.000001
600.00	0.0000003	0.002876	0.103021	-0.000001
601.00	0.0000007	0.002136	0.103016	-0.000001
602.00	0.0000007	0.003085	0.103012	-0.000001
603.00	0.0000003	0.002742	0.103007	-0.000001
604.00	-0.0000002	0.000959	0.103002	-0.000001
605.00	0.0000002	0.000765	0.102997	-0.000001
606.00	0.0000004	0.000323	0.102992	-0.000001
607.00	0.0000008	-0.000418	0.102987	-0.000001
608.00	0.0000005	0.001226	0.102982	-0.000001
609.00	0.0000002	0.000635	0.102978	-0.000001
610.00	-0.0000002	-0.001496	0.102973	-0.000001
611.00	0.0000003	0.001589	0.102968	-0.000001
612.00	0.0000008	0.004524	0.102963	-0.000001
613.00	0.0000008	0.000357	0.102958	-0.000001
614.00	0.0000003	-0.001079	0.102953	-0.000001
615.00	-0.0000002	0.003048	0.102948	-0.000001
616.00	-0.0000001	0.000421	0.102944	-0.000001
617.00	0.0000006	-0.000071	0.102939	-0.000001
618.00	0.0000008	-0.000116	0.102934	-0.000001
619.00	0.0000004	0.001925	0.102929	-0.000001
620.00	0.0000001	-0.000156	0.102924	-0.000001
621.00	-0.0000002	0.001091	0.102919	-0.000001
622.00	0.0000003	-0.000991	0.102915	-0.000001
623.00	0.0000008	-0.000241	0.102910	-0.000001
624.00	0.0000006	0.001254	0.102905	-0.000001
625.00	0.0000002	-0.001125	0.102900	-0.000001
626.00	0.0000000	0.002208	0.102895	-0.000001
627.00	0.0000003	-0.000619	0.102890	-0.000001
628.00	0.0000008	0.001621	0.102885	-0.000001
629.00	0.0000008	0.001626	0.102881	-0.000001
630.00	0.0000003	0.002376	0.102876	-0.000001
631.00	0.0000002	0.003374	0.102871	-0.000001
632.00	0.0000003	0.001293	0.102866	-0.000001
633.00	0.0000008	0.000851	0.102861	-0.000001
634.00	0.0000008	0.002147	0.102856	-0.000001
635.00	0.0000005	0.002748	0.102852	-0.000001
636.00	0.0000003	0.002653	0.102847	-0.000001
637.00	0.0000003	0.005092	0.102842	-0.000001
638.00	0.0000008	-0.000118	0.102837	-0.000001
639.00	0.0000008	0.000036	0.102832	-0.000001
640.00	0.0000008	0.001828	0.102827	-0.000001
641.00	0.0000005	-0.000402	0.102822	-0.000001
642.00	0.0000007	0.000994	0.102818	-0.000001
643.00	0.0000013	0.000303	0.102813	-0.000001
644.00	0.0000018	-0.000338	0.102808	-0.000001
645.00	0.0000022	0.000164	0.102803	-0.000001
646.00	0.0000024	0.002553	0.102798	-0.000001
647.00	0.0000038	0.000074	0.102793	-0.000001
648.00	0.0000098	0.003308	0.102789	-0.000001
649.00	0.0000209	-0.000115	0.102784	-0.000001
650.00	0.0000382	-0.000358	0.102779	-0.000001
651.00	0.0000667	0.000292	0.102774	-0.000001
652.00	0.0001451	-0.003229	0.102769	-0.000001
653.00	0.0005041	-0.000592	0.102764	-0.000001
654.00	0.0057376	0.000009	0.102759	-0.000001
655.00	0.0700897	0.037019	0.102754	-0.000001
656.00	0.1704316	0.076166	0.102747	-0.000001
657.00	0.1790008	0.003205	0.102742	-0.000001
658.00	0.1455171	0.002316	0.102737	-0.000001
659.00	0.0472862	0.035253	0.102731	-0.000001
660.00	0.0059511	0.068390	0.102725	-0.000001
661.00	0.0006715	0.000297	0.102720	-0.000001
662.00	0.0001389	0.000302	0.102715	-0.000001
663.00	0.0000481	0.003039	0.102710	-0.000001
664.00	0.0000187	0.001504	0.102705	-0.000001
665.00	0.0000058	0.000813	0.102700	-0.000001
666.00	0.0000016	0.003451	0.102695	-0.000001
667.00	0.0000008	0.001965	0.102691	-0.000001
668.00	0.0000008	0.002069	0.102686	-0.000001
669.00	0.0000008	0.000137	0.102681	-0.000001
670.00	0.0000005	0.002079	0.102676	-0.000001
671.00	0.0000003	0.003574	0.102671	-0.000001
672.00	0.0000003	0.000400	0.102666	-0.000001
673.00	0.0000008	0.001051	0.102662	-0.000001
674.00	0.0000008	0.004234	0.102657	-0.000001
675.00	0.0000004	0.002501	0.102652	-0.000001
676.00	0.0000003	0.002903	0.102647	-0.000001
677.00	0.0000001	0.002014	0.102642	-0.000001
678.00	0.0000005	0.001869	0.102637	-0.000001
679.00	0.0000008	0.003215	0.102632	-0.000001
680.00	0.0000006	0.001432	0.102628	-0.000001
681.00	0.0000003	0.000295	0.102623	-0.000001
682.00	0.0000003	0.001144	0.102618	-0.000001
683.00	0.0000005	0.001546	0.102613	-0.000001
684.00	0.0000008	0.003736	0.102608	-0.000001
685.00	0.0000005	0.002847	0.102603	-0.000001
686.00	0.0000000	0.002008	0.102599	-0.000001
687.00	0.0000002	0.003105	0.102594	-0.000001
688.00	0.0000004	0.002564	0.102589	-0.000001
689.00	0.0000008	-0.000362	0.102584	-0.000001
690.00	0.0000005	0.004064	0.102579	-0.000001
691.00	0.0000001	0.003373	0.102574	-0.000001
692.00	-0.0000001	0.002831	0.102569	-0.000001
693.00	0.0000004	0.001843	0.102565	-0.000001
694.00	0.0000008	0.001599	0.102560	-0.000001
695.00	0.0000006	0.000313	0.102555	-0.000001
696.00	0.0000002	0.000864	0.102550	-0.000001
697.00	-0.0000000	0.000968	0.102545	-0.000001
698.00	0.0000007	0.002133	0.102523	-0.000001
699.00	0.0000002	0.001338	0.102524	-0.000001
700.00	0.0000004	0.000590	0.102526	-0.000001
701.00	0.0000007	-0.000355	0.102527	-0.000001
702.00	0.0000006	-0.000852	0.102528	-0.000001
703.00	0.0000002	0.001531	0.102529	-0.000001
704.00	-0.0000006	0.000487	0.102530	-0.000001
705.00	0.0000002	-0.000309	0.102530	-0.000001
706.00	0.0000007	-0.000955	0.102531	-0.000001
707.00	0.0000007	-0.000708	0.102532	-0.000001
708.00	0.0000002	-0.000560	0.102533	-0.000001
709.00	-0.0000003	-0.001902	0.102534	-0.000001
710.00	0.0000000	-0.000661	0.102535	-0.000001
711.00	0.0000003	-0.000562	0.102536	-0.000001
712.00	0.0000007	0.000380	0.102537	-0.000001
713.00	0.0000004	0.000330	0.102538	-0.000001
714.00	-0.0000001	0.000478	0.102539	-0.000001
715.00	-0.0000001	-0.001261	0.102540	-0.000001
716.00	0.0000002	0.002364	0.102541	-0.000001
717.00	0.0000007	-0.001611	0.102542	-0.000001
718.00	0.0000007	-0.002953	0.102542	-0.000001
719.00	0.0000002	0.000076	0.102543	-0.000001
720.00	-0.0000004	-0.000819	0.102544	-0.000001
721.00	-0.0000003	0.000819	0.102545	-0.000001
722.00	0.0000003	0.000818	0.102546	-0.000001
723.00	0.0000007	0.001314	0.102547	-0.000001
724.00	0.0000006	0.001512	0.102548	-0.000001
725.00	0.0000002	0.003895	0.102549	-0.000001
726.00	-0.0000003	0.004540	0.102550	-0.000001
727.00	0.0000002	0.002602	0.102551	-0.000001
728.00	0.0000005	-0.000379	0.102552	-0.000001
729.00	0.0000007	0.002252	0.102553	-0.000001
730.00	0.0000004	0.000811	0.102554	-0.000001
731.00	0.0000000	0.002499	0.102554	-0.000001
732.00	-0.0000003	0.001057	0.102555	-0.000001
733.00	0.0000002	0.002000	0.102556	-0.000001
734.00	0.0000007	0.003440	0.102557	-0.000001
735.00	0.0000007	0.000806	0.102558	-0.000001
736.00	0.0000005	0.000805	0.102559	-0.000001
737.00	0.0000002	0.001699	0.102560	-0.000001
738.00	-0.0000004	0.000804	0.102561	-0.000001
739.00	0.0000003	0.001299	0.102562	-0.000001
740.00	0.0000007	0.001000	0.102563	-0.000001
741.00	0.0000007	0.000354	0.102564	-0.000001
742.00	0.0000006	0.001197	0.102565	-0.000001
743.00	0.0000001	-0.000642	0.102565	-0.000001
744.00	-0.0000005	0.002884	0.102566	-0.000001
745.00	0.0000003	0.001741	0.102567	-0.000001
746.00	0.0000007	0.000597	0.102568	-0.000001
747.00	0.0000006	0.000895	0.102569	-0.000001
748.00	0.0000002	0.001539	0.102570	-0.000001
749.00	-0.0000000	0.002333	0.102571	-0.000001
750.00	0.0000001	-0.002585	0.102572	-0.000001
751.00	-0.0000001	-0.001096	0.102573	-0.000001
752.00	0.0000007	0.001585	0.102574	-0.000001
753.00	0.0000007	0.000790	0.102575	-0.000001
754.00	0.0000002	0.002279	0.102576	-0.000001
755.00	-0.0000001	0.004911	0.102577	-0.000001
756.00	-0.0000004	0.002823	0.102577	-0.000001
757.00	0.0000004	0.002624	0.102578	-0.000001
758.00	0.0000007	0.002126	0.102579	-0.000001
759.00	0.0000006	0.001827	0.102580	-0.000001
760.00	0.0000002	0.001975	0.102581	-0.000001
761.00	-0.0000003	0.003316	0.102582	-0.000001
762.00	0.0000002	0.001129	0.102583	-0.000001
763.00	0.0000005	0.001029	0.102584	-0.000001
764.00	0.0000007	0.002220	0.102585	-0.000001
765.00	0.0000005	0.001772	0.102586	-0.000001
766.00	0.0000002	0.002069	0.102587	-0.000001
767.00	-0.0000003	0.002068	0.102588	-0.000001
768.00	0.0000002	0.001670	0.102588	-0.000001
769.00	0.0000007	0.002364	0.102589	-0.000001
770.00	0.0000007	0.002165	0.102590	-0.000001
771.00	0.0000005	0.000872	0.102591	-0.000001
772.00	0.0000002	0.003802	0.102592	-0.000001
773.00	0.0000000	0.001367	0.102593	-0.000001
774.00	0.0000003	-0.000471	0.102594	-0.000001
775.00	0.0000007	0.001316	0.102595	-0.000001
776.00	0.0000007	0.001663	0.102596	-0.000001
777.00	-0.0000000	0.004145	0.102597	-0.000001
778.00	0.0000001	0.003201	0.102598	-0.000001
779.00	0.0000002	0.001561	0.102599	-0.000001
780.00	0.0000005	-0.000427	0.102600	-0.000001
781.00	0.0000007	-0.000080	0.102600	-0.000001
782.00	0.0000007	-0.000528	0.102601	-0.000001
783.00	0.0000007	-0.001374	0.102602	-0.000001
784.00	0.0000012	0.000861	0.102603	-0.000001
785.00	0.0000017	0.001456	0.102604	-0.000001
786.00	0.0000012	0.001653	0.102605	-0.000001
787.00	0.0000017	0.000013	0.102606	-0.000001
788.00	0.0000027	0.001354	0.102607	-0.000001
789.00	0.0000072	0.002445	0.102608	-0.000001
790.00	0.0000122	0.001153	0.102609	-0.000001
791.00	0.0000103	0.000953	0.102610	-0.000001
792.00	0.0000047	0.001648	0.102611	-0.000001
793.00	0.0000012	0.001051	0.102612	-0.000001
794.00	0.0000007	0.002540	0.102612	-0.000001
795.00	0.0000001	0.000999	0.102613	-0.000001
796.00	-0.0000003	0.001247	0.102614	-0.000001
797.00	0.0000002	0.002736	0.102615	-0.000001
798.00	0.0000007	0.001692	0.102616	-0.000001
799.00	0.0000007	0.001691	0.102617	-0.000001
800.00	0.0000002	0.002336	0.102618	-0.000001
801.00	-0.0000001	0.001391	0.102619	-0.000001
802.00	-0.0000001	-0.003577	0.102620	-0.000001
803.00	0.0000003	0.000644	0.102621	-0.000001
804.00	0.0000007	-0.000300	0.102622	-0.000001
805.00	0.0000006	0.003821	0.102623	-0.000001
806.00	0.0000002	0.001983	0.102623	-0.000001
807.00	-0.0000003	0.003174	0.102624	-0.000001
808.00	0.0000002	0.001683	0.102625	-0.000001
809.00	0.0000007	-0.000007	0.102626	-0.000001
810.00	0.0000012	-0.001051	0.102627	-0.000001
811.00	0.0000003	-0.000853	0.102628	-0.000001
812.00	0.0000000	0.000288	0.102629	-0.000001
813.00	-0.0000003	0.001033	0.102630	-0.000001
814.00	0.0000002	-0.001303	0.102631	-0.000001
815.00	0.0000007	0.000633	0.102632	-0.000001
816.00	0.0000005	0.001079	0.102633	-0.000001
817.00	0.0000002	0.002420	0.102634	-0.000001
818.00	-0.0000003	-0.001903	0.102635	-0.000001
819.00	0.0000002	0.001822	0.102635	-0.000001
820.00	0.0000005	0.001771	0.102636	-0.000001
821.00	0.0000007	0.001621	0.102637	-0.000001
822.00	0.0000005	0.001471	0.102638	-0.000001
823.00	0.0000002	0.000477	0.102639	-0.000001
824.00	0.0000002	0.000476	0.102640	-0.000001
825.00	0.0000002	0.000227	0.102641	-0.000001
826.00	0.0000002	-0.001066	0.102642	-0.000001
827.00	0.0000006	0.001467	0.102643	-0.000001
828.00	0.0000002	0.001466	0.102644	-0.000001
829.00	-0.0000002	0.001018	0.102645	-0.000001
830.00	-0.0000001	0.000570	0.102646	-0.000001
831.00	-0.0000001	-0.000077	0.102647	-0.000001
832.00	0.0000007	0.001313	0.102647	-0.000001
833.00	0.0000006	0.000915	0.102648	-0.000001
834.00	0.0000002	0.001411	0.102649	-0.000001
835.00	-0.0000002	0.000963	0.102650	-0.000001
836.00	0.0000002	0.001111	0.102651	-0.000001
837.00	0.0000006	0.001507	0.102652	-0.000001
838.00	0.0000007	0.001506	0.102653	-0.000001
839.00	0.0000007	0.002995	0.102654	-0.000001
840.00	0.0000003	0.000263	0.102655	-0.000001
841.00	0.0000002	-0.002172	0.102656	-0.000001
842.00	0.0000007	0.000807	0.102657	-0.000001
843.00	0.0000012	0.000558	0.102658	-0.000001
844.00	0.0000012	0.000656	0.102658	-0.000001
845.00	0.0000010	0.002294	0.102659	-0.000001
846.00	0.0000005	0.000555	0.102660	-0.000001
847.00	0.0000017	0.002094	0.102661	-0.000001
848.00	0.0000020	0.002043	0.102662	-0.000001
849.00	0.0000007	-0.001136	0.102663	-0.000001
850.00	0.0000007	0.001843	0.102664	-0.000001
851.00	0.0000003	-0.000095	0.102665	-0.000001
852.00	-0.0000003	0.000252	0.102666	-0.000001
853.00	-0.0000002	0.000996	0.102667	-0.000001
854.00	0.0000002	0.000498	0.102668	-0.000001
855.00	0.0000007	-0.000596	0.102669	-0.000001
856.00	0.0000007	-0.000050	0.102670	-0.000001
857.00	0.0000002	-0.001641	0.102670	-0.000001
858.00	-0.0000005	-0.001095	0.102671	-0.000001
859.00	0.0000000	-0.001046	0.102672	-0.000001
860.00	0.0000005	-0.000700	0.102673	-0.000001
861.00	0.0000007	0.001435	0.102674	-0.000001
862.00	0.0000007	0.000193	0.102675	-0.000001
863.00	0.0000002	0.003023	0.102676	-0.000001
864.00	0.0000002	0.000191	0.102677	-0.000001
865.00	0.0000002	-0.000058	0.102678	-0.000001
866.00	0.0000012	0.004411	0.102679	-0.000001
867.00	0.0000012	0.001380	0.102680	-0.000001
868.00	0.0000009	0.002174	0.102681	-0.000001
869.00	0.0000005	-0.000161	0.102681	-0.000001
870.00	-0.0000000	0.000036	0.102682	-0.000001
871.00	0.0000007	0.000333	0.102683	-0.000001
872.00	0.0000012	0.001823	0.102684	-0.000001
873.00	0.0000008	0.003014	0.102685	-0.000001
874.00	0.0000004	0.001125	0.102686	-0.000001
875.00	0.0000002	0.001720	0.102687	-0.000001
876.00	0.0000001	0.000825	0.102688	-0.000001
877.00	0.0000003	0.000079	0.102689	-0.000001
878.00	0.0000007	-0.001759	0.102690	-0.000001
879.00	0.0000007	-0.002307	0.102691	-0.000001
880.00	0.0000003	-0.002506	0.102692	-0.000001
881.00	0.0000002	-0.000123	0.102693	-0.000001
882.00	0.0000002	0.000174	0.102693	-0.000001
883.00	0.0000007	0.000968	0.102694	-0.000001
884.00	0.0000007	0.000818	0.102695	-0.000001
885.00	0.0000007	0.003797	0.102696	-0.000001
886.00	0.0000002	0.001462	0.102697	-0.000001
887.00	0.0000000	-0.000575	0.102698	-0.000001
888.00	0.0000002	0.001858	0.102699	-0.000001
889.00	0.0000007	0.000963	0.102700	-0.000001
890.00	0.0000007	-0.000280	0.102701	-0.000001
891.00	0.0000005	-0.001374	0.102702	-0.000001
892.00	0.0000002	0.000860	0.102703	-0.000001
893.00	0.0000002	0.001505	0.102704	-0.000001
894.00	0.0000007	-0.000731	0.102704	-0.000001
895.00	0.0000007	0.000013	0.102705	-0.000001
896.00	0.0000007	0.002595	0.102706	-0.000001
897.00	0.0000002	0.001651	0.102707	-0.000001
898.00	-0.0000007	0.001153	0.102708	-0.000001
899.00	0.0000002	0.004977	0.102709	-0.000001
900.00	0.0000007	-0.000488	0.102710	-0.000001
901.00	0.0000007	-0.001532	0.102711	-0.000001
902.00	0.0000002	-0.000242	0.102712	-0.000001
903.00	-0.0000003	-0.000739	0.102713	-0.000001
904.00	0.0000000	-0.000343	0.102714	-0.000001
905.00	0.0000002	0.000753	0.102711	-0.000001
906.00	-0.0000003	-0.001728	0.102709	-0.000001
907.00	-0.0000000	-0.003713	0.102706	-0.000001
908.00	0.0000002	-0.001127	0.102703	-0.000001
909.00	0.0000006	-0.003360	0.102701	-0.000001
910.00	0.0000002	-0.000725	0.102698	-0.000001
911.00	0.0000000	0.000867	0.102696	-0.000001
912.00	-0.0000002	0.003055	0.102693	-0.000001
913.00	0.0000002	-0.000022	0.102691	-0.000001
914.00	0.0000007	0.000925	0.102688	-0.000001
915.00	0.0000003	0.001722	0.102686	-0.000001
916.00	0.0000001	0.000880	0.102683	-0.000001
917.00	-0.0000003	0.001826	0.102681	-0.000001
918.00	0.0000002	-0.000456	0.102678	-0.000001
919.00	0.0000006	0.002129	0.102676	-0.000001
920.00	0.0000003	0.001039	0.102673	-0.000001
921.00	0.0000002	0.004071	0.102671	-0.000001
922.00	-0.0000003	0.001243	0.102668	-0.000001
923.00	0.0000002	-0.000294	0.102665	-0.000001
924.00	0.0000001	0.000354	0.102663	-0.000001
925.00	0.0000005	-0.001680	0.102660	-0.000001
926.00	0.0000002	-0.000982	0.102658	-0.000001
927.00	-0.0000003	0.003143	0.102655	-0.000001
928.00	0.0000001	0.003742	0.102653	-0.000001
929.00	0.0000006	0.000963	0.102650	-0.000001
930.00	0.0000007	-0.000177	0.102648	-0.000001
931.00	0.0000002	0.000769	0.102645	-0.000001
932.00	-0.0000002	-0.000073	0.102643	-0.000001
933.00	0.0000001	0.002165	0.102640	-0.000001
934.00	0.0000004	0.002664	0.102638	-0.000001
935.00	0.0000006	0.000928	0.102635	-0.000001
936.00	-0.0000003	0.002520	0.102632	-0.000001
937.00	0.0000001	0.000287	0.102630	-0.000001
938.00	-0.0000001	-0.002094	0.102627	-0.000001
939.00	0.0000003	-0.001545	0.102625	-0.000001
940.00	0.0000008	0.001338	0.102622	-0.000001
941.00	0.0000006	0.000894	0.102620	-0.000001
942.00	0.0000001	0.001145	0.102617	-0.000001
943.00	-0.0000002	0.001743	0.102615	-0.000001
944.00	0.0000001	0.001994	0.102612	-0.000001
945.00	0.0000006	0.002543	0.102610	-0.000001
946.00	0.0000008	0.001254	0.102607	-0.000001
947.00	0.0000003	0.000611	0.102605	-0.000001
948.00	-0.0000002	0.002153	0.102602	-0.000001
949.00	-0.0000003	0.002056	0.102599	-0.000001
950.00	0.0000003	-0.000971	0.102597	-0.000001
951.00	0.0000008	-0.000074	0.102594	-0.000001
952.00	0.0000003	-0.002555	0.102592	-0.000001
953.00	0.0000000	-0.000417	0.102589	-0.000001
954.00	-0.0000002	-0.003395	0.102587	-0.000001
955.00	0.0000003	0.000333	0.102584	-0.000001
956.00	0.0000007	-0.001949	0.102582	-0.000001
957.00	0.0000007	-0.001003	0.102579	-0.000001
958.00	0.0000002	0.001930	0.102577	-0.000001
959.00	-0.0000002	-0.000253	0.102574	-0.000001
960.00	0.0000003	-0.000846	0.102572	-0.000001
961.00	0.0000003	-0.001042	0.102569	-0.000001
962.00	0.0000007	0.001344	0.102567	-0.000001
963.00	0.0000003	0.001893	0.102564	-0.000001
964.00	-0.0000001	-0.000141	0.102561	-0.000001
965.00	0.0000002	0.000805	0.102559	-0.000001
966.00	0.0000006	-0.000384	0.102556	-0.000001
967.00	0.0000006	0.001655	0.102554	-0.000001
968.00	0.0000003	0.000664	0.102551	-0.000001
969.00	-0.0000002	-0.000525	0.102549	-0.000001
970.00	0.0000002	0.003798	0.102546	-0.000001
971.00	0.0000005	0.000672	0.102544	-0.000001
972.00	0.0000008	0.001072	0.102541	-0.000001
973.00	0.0000003	0.002068	0.102539	-0.000001
974.00	0.0000003	-0.001059	0.102536	-0.000001
975.00	0.0000003	0.003761	0.102534	-0.000001
976.00	0.0000006	0.000734	0.102531	-0.000001
977.00	0.0000008	0.004214	0.102528	-0.000001
978.00	0.0000004	-0.002042	0.102526	-0.000001
979.00	-0.0000001	0.005361	0.102523	-0.000001
980.00	0.0000001	0.002085	0.102521	-0.000001
981.00	0.0000006	0.002088	0.102518	-0.000001
982.00	0.0000008	0.001345	0.102516	-0.000001
983.00	0.0000006	-0.000043	0.102513	-0.000001
984.00	0.0000000	0.003784	0.102511	-0.000001
985.00	0.0000000	0.000012	0.102508	-0.000001
986.00	0.0000004	0.002796	0.102506	-0.000001
987.00	0.0000008	0.002053	0.102503	-0.000001
988.00	0.0000006	0.001758	0.102501	-0.000001
989.00	0.0000002	0.001264	0.102498	-0.000001
990.00	-0.0000002	0.003005	0.102495	-0.000001
991.00	0.0000003	-0.000867	0.102493	-0.000001
992.00	0.0000008	0.003457	0.102490	-0.000001
993.00	0.0000007	0.000976	0.102488	-0.000001
994.00	0.0000003	0.002320	0.102485	-0.000001
995.00	-0.0000002	0.002670	0.102483	-0.000001
996.00	0.0000003	0.000040	0.102480	-0.000001
997.00	0.0000007	0.001036	0.102478	-0.000001
998.00	0.0000008	0.001684	0.102475	-0.000001
999.00	0.0000003	-0.001194	0.102473	-0.000001
1000.00	0.0000002	-0.001788	0.102470	-0.000001
1001.00	-0.0000002	0.002139	0.102468	-0.000001
1002.00	0.0000003	0.001098	0.102465	-0.000001
1003.00	0.0000007	0.001498	0.102462	-0.000001
1004.00	0.0000008	0.004381	0.102460	-0.000001
1005.00	0.0000003	0.004036	0.102457	-0.000001
1006.00	-0.0000002	0.001754	0.102455	-0.000001
1007.00	0.0000002	-0.001820	0.102452	-0.000001
1008.00	0.0000011	0.000170	0.102450	-0.000001
1009.00	0.0000008	-0.001666	0.102447	-0.000001
1010.00	0.0000008	0.002906	0.102445	-0.000001
1011.00	0.0000004	0.000376	0.102442	-0.000001
1012.00	-0.0000002	0.003458	0.102440	-0.000001
1013.00	0.0000004	0.001474	0.102437	-0.000001
1014.00	0.0000009	0.000781	0.102435	-0.000001
1015.00	0.0000009	0.002224	0.102432	-0.000001
1016.00	0.0000009	0.001531	0.102430	-0.000001
1017.00	0.0000007	0.001086	0.102427	-0.000001
1018.00	0.0000004	0.001139	0.102424	-0.000001
1019.00	0.0000009	0.002532	0.102422	-0.000001
1020.00	0.0000009	0.001044	0.102419	-0.000001
1021.00	0.0000009	0.000799	0.102417	-0.000001
1022.00	0.0000006	0.001944	0.102414	-0.000001
1023.00	0.0000004	0.003039	0.102412	-0.000001
1024.00	0.0000004	0.002396	0.102409	-0.000001
1025.00	0.0000007	0.002895	0.102407	-0.000001
1026.00	0.0000009	0.002450	0.102404	-0.000001
1027.00	0.0000009	0.003695	0.102402	-0.000001
1028.00	0.0000004	0.002157	0.102399	-0.000001
1029.00	0.0000004	0.002806	0.102397	-0.000001
1030.00	0.0000004	0.000126	0.102394	-0.000001
1031.00	0.0000009	-0.000716	0.102391	-0.000001
1032.00	0.0000009	0.002764	0.102389	-0.000001
1033.00	0.0000009	0.003313	0.102386	-0.000001
1034.00	0.0000004	0.002272	0.102384	-0.000001
1035.00	0.0000001	0.002473	0.102381	-0.000001
1036.00	0.0000004	0.003419	0.102379	-0.000001
1037.00	0.0000009	0.004763	0.102376	-0.000001
1038.00	0.0000009	0.003127	0.102374	-0.000001
1039.00	0.0000006	0.002334	0.102371	-0.000001
1040.00	0.0000004	0.003877	0.102369	-0.000001
1041.00	0.0000004	0.003432	0.102366	-0.000001
1042.00	0.0000007	0.001448	0.102364	-0.000001
1043.00	0.0000018	0.001301	0.102361	-0.000001
1044.00	0.0000005	-0.001478	0.102358	-0.000001
1045.00	0.0000003	0.001903	0.102356	-0.000001
1046.00	0.0000004	0.002948	0.102353	-0.000001
1047.00	0.0000006	0.002057	0.102351	-0.000001
1048.00	0.0000009	0.000519	0.102348	-0.000001
1049.00	0.0000009	0.000174	0.102346	-0.000001
1050.00	0.0000005	0.003902	0.102343	-0.000001
1051.00	0.0000004	0.002712	0.102341	-0.000001
1052.00	0.0000005	0.003162	0.102338	-0.000001
1053.00	0.0000009	0.001029	0.102336	-0.000001
1054.00	0.0000009	-0.000509	0.102333	-0.000001
1055.00	0.0000007	-0.000357	0.102331	-0.000001
1056.00	0.0000004	0.000440	0.102328	-0.000001
1057.00	0.0000004	-0.002339	0.102326	-0.000001
1058.00	0.0000009	0.000445	0.102323	-0.000001
1059.00	0.0000009	-0.000397	0.102320	-0.000001
1060.00	0.0000009	-0.000394	0.102318	-0.000001
1061.00	0.0000004	0.000006	0.102315	-0.000001
1062.00	0.0000004	0.000704	0.102313	-0.000001
1063.00	0.0000002	-0.000883	0.102310	-0.000001
1064.00	0.0000009	-0.002768	0.102308	-0.000001
1065.00	0.0000009	-0.000183	0.102305	-0.000001
1066.00	0.0000009	0.001757	0.102303	-0.000001
1067.00	0.0000004	-0.000476	0.102300	-0.000001
1068.00	0.0000005	-0.002211	0.102298	-0.000001
1069.00	0.0000009	-0.002010	0.102295	-0.000001
1070.00	0.0000014	-0.001064	0.102293	-0.000001
1071.00	0.0000011	0.001223	0.102290	-0.000001
1072.00	0.0000007	0.000233	0.102287	-0.000001
1073.00	0.0000004	0.000334	0.102285	-0.000001
1074.00	0.0000004	0.003118	0.102282	-0.000001
1075.00	0.0000009	0.000638	0.102280	-0.000001
1076.00	0.0000009	-0.000651	0.102277	-0.000001
1077.00	0.0000006	0.000543	0.102275	-0.000001
1078.00	0.0000004	0.001440	0.102272	-0.000001
1079.00	0.0000003	-0.000644	0.102270	-0.000001
1080.00	0.0000006	-0.000095	0.102267	-0.000001
1081.00	0.0000009	0.000504	0.102265	-0.000001
1082.00	0.0000009	-0.002226	0.102262	-0.000001
1083.00	0.0000005	-0.000783	0.102260	-0.000001
1084.00	-0.0000000	0.001405	0.102257	-0.000001
1085.00	0.0000004	-0.000579	0.102254	-0.000001
1086.00	0.0000007	-0.001222	0.102252	-0.000001
1087.00	0.0000010	0.002158	0.102249	-0.000001
1088.00	0.0000008	-0.000522	0.102247	-0.000001
1089.00	0.0000005	-0.000420	0.102244	-0.000001
1090.00	0.0000001	-0.000467	0.102242	-0.000001
1091.00	0.0000005	-0.000365	0.102239	-0.000001
1092.00	0.0000010	-0.002002	0.102237	-0.000001
1093.00	0.0000010	-0.000807	0.102234	-0.000001
1094.00	0.0000005	0.001580	0.102232	-0.000001
1095.00	0.0000003	-0.002491	0.102229	-0.000001
1096.00	0.0000004	0.001088	0.102227	-0.000001
1097.00	0.0000008	0.000991	0.102224	-0.000001
1098.00	0.0000010	-0.000049	0.102222	-0.000001
1099.00	0.0000007	0.001394	0.102219	-0.000001
1100.00	0.0000005	0.000155	0.102216	-0.000001
1101.00	0.0000002	0.000505	0.102214	-0.000001
1102.00	0.0000015	0.000277	0.102194	-0.000001
1103.00	0.0000010	0.000925	0.102191	-0.000001
1104.00	0.0000010	0.001871	0.102189	-0.000001
1105.00	0.0000010	0.000930	0.102186	-0.000001
1106.00	0.0000019	0.001280	0.102184	-0.000001
1107.00	0.0000020	-0.000810	0.102188	-0.000001
1108.00	0.0000019	0.000130	0.102192	-0.000001
1109.00	0.0000027	0.002311	0.102196	-0.000001
1110.00	0.0000030	0.001562	0.102199	-0.000001
1111.00	0.0000027	0.003545	0.102203	-0.000001
1112.00	0.0000017	0.002449	0.102207	-0.000001
1113.00	0.0000018	0.004332	0.102211	-0.000001
1114.00	0.0000019	0.003285	0.102215	-0.000001
1115.00	0.0000022	0.001046	0.102219	-0.000001
1116.00	0.0000024	0.000546	0.102223	-0.000001
1117.00	0.0000024	0.002727	0.102227	-0.000001
1118.00	0.0000019	0.000289	0.102231	-0.000001
1119.00	0.0000022	0.000385	0.102234	-0.000001
1120.00	0.0000026	0.003361	0.102238	-0.000001
1121.00	0.0000029	0.004202	0.102242	-0.000001
1122.00	0.0000029	0.003900	0.102246	-0.000001
1123.00	0.0000025	0.004790	0.102250	-0.000001
1124.00	0.0000024	0.000515	0.102254	-0.000001
1125.00	0.0000024	0.004037	0.102258	-0.000001
1126.00	0.0000022	0.000656	0.102262	-0.000001
1127.00	0.0000029	0.001000	0.102265	-0.000001
1128.00	0.0000026	0.002933	0.102269	-0.000001
1129.00	0.0000024	-0.000697	0.102273	-0.000001
1130.00	0.0000033	0.001733	0.102277	-0.000001
1131.00	0.0000034	0.001928	0.102281	-0.000001
1132.00	0.0000044	0.003265	0.102285	-0.000001
1133.00	0.0000054	0.005447	0.102289	-0.000001
1134.00	0.0000079	0.002860	0.102293	-0.000001
1135.00	0.0000128	0.001763	0.102296	-0.000001
1136.00	0.0000231	0.004094	0.102300	-0.000001
1137.00	0.0000308	0.002997	0.102304	-0.000001
1138.00	0.0000243	0.001950	0.102308	-0.000001
1139.00	0.0000139	0.002642	0.102312	-0.000001
1140.00	0.0000078	0.002241	0.102316	-0.000001
1141.00	0.0000052	0.001045	0.102320	-0.000001
1142.00	0.0000042	0.003127	0.102324	-0.000001
1143.00	0.0000035	0.001037	0.102328	-0.000001
1144.00	0.0000029	-0.001003	0.102331	-0.000001
1145.00	0.0000023	0.000632	0.102335	-0.000001
1146.00	0.0000020	0.001820	0.102339	-0.000001
1147.00	0.0000024	0.000475	0.102343	-0.000001
1148.00	0.0000023	0.000868	0.102347	-0.000001
1149.00	0.0000023	0.002603	0.102351	-0.000001
1150.00	0.0000018	0.000563	0.102355	-0.000001
1151.00	0.0000018	-0.000733	0.102359	-0.000001
1152.00	0.0000020	-0.001035	0.102362	-0.000001
1153.00	0.0000023	-0.002529	0.102366	-0.000001
1154.00	0.0000023	0.000746	0.102370	-0.000001
1155.00	0.0000020	0.001288	0.102374	-0.000001
1156.00	0.0000018	0.000688	0.102378	-0.000001
1157.00	0.0000023	-0.000756	0.102382	-0.000001
1158.00	0.0000028	-0.000263	0.102386	-0.000001
1159.00	0.0000033	0.000428	0.102390	-0.000001
1160.00	0.0000029	0.002560	0.102394	-0.000001
1161.00	0.0000030	0.002308	0.102397	-0.000001
1162.00	0.0000034	0.000218	0.102401	-0.000001
1163.00	0.0000036	0.000612	0.102405	-0.000001
1164.00	0.0000044	0.002197	0.102409	-0.000001
1165.00	0.0000047	0.000355	0.102413	-0.000001
1166.00	0.0000047	0.000699	0.102417	-0.000001
1167.00	0.0000053	0.001242	0.102421	-0.000001
1168.00	0.0000072	0.001834	0.102425	-0.000001
1169.00	0.0000086	0.001333	0.102428	-0.000001
1170.00	0.0000101	-0.000111	0.102432	-0.000001
1171.00	0.0000122	0.003263	0.102436	-0.000001
1172.00	0.0000162	0.003408	0.102440	-0.000001
1173.00	0.0000223	0.002262	0.102444	-0.000001
1174.00	0.0000321	0.001463	0.102448	-0.000001
1175.00	0.0000476	-0.000081	0.102452	-0.000001
1176.00	0.0000695	0.003839	0.102456	-0.000001
1177.00	0.0000954	0.002892	0.102459	-0.000001
1178.00	0.0001088	-0.000490	0.102463	-0.000001
1179.00	0.0000974	-0.000593	0.102467	-0.000001
1180.00	0.0000742	0.002085	0.102471	-0.000001
1181.00	0.0000551	0.000790	0.102475	-0.000001
1182.00	0.0000442	-0.000257	0.102479	-0.000001
1183.00	0.0000381	0.002074	0.102483	-0.000001
1184.00	0.0000356	0.002616	0.102487	-0.000001
1185.00	0.0000348	0.001172	0.102490	-0.000001
1186.00	0.0000361	0.000373	0.102494	-0.000001
1187.00	0.0000406	0.004939	0.102498	-0.000001
1188.00	0.0000488	0.001707	0.102502	-0.000001
1189.00	0.0000606	0.001405	0.102506	-0.000001
1190.00	0.0000789	0.000109	0.102510	-0.000001
1191.00	0.0001088	0.002192	0.102514	-0.000001
1192.00	0.0001564	0.004175	0.102518	-0.000001
1193.00	0.0002169	0.003823	0.102522	-0.000001
1194.00	0.0002719	0.001584	0.102525	-0.000001
1195.00	0.0002912	0.000189	0.102529	-0.000001
1196.00	0.0002719	0.001427	0.102533	-0.000001
1197.00	0.0002340	0.003559	0.102537	-0.000001
1198.00	0.0001989	0.004946	0.102541	-0.000001
1199.00	0.0001731	0.002856	0.102545	-0.000001
1200.00	0.0001580	0.002753	0.102549	-0.000001
