Bentham+Kilukarp+B487 datafile
2024-11-16 18:42:06
Slits: 1.000
Avg: 3
Comment: i' filter full slot 4_0 (SDSS i')

00:00:03	-0.000001	0.106692	24.2	-1.5	4.3
00:03:08	-0.000001	0.104209	24.2	-1.5	4.3
00:06:13	0.000000	0.104954	24.2	-1.5	4.3
00:09:19	-0.000001	0.103960	24.2	-1.5	4.3
00:12:24	-0.000001	0.101527	24.2	-1.5	4.3
00:13:52	-0.000001	0.106990	24.2	-1.5	4.3

nm	b487	kilu
300.00	0.0000005	-0.003436	0.106552	-0.000001
301.00	0.0000002	0.000450	0.106540	-0.000001
302.00	-0.0000002	-0.002965	0.106529	-0.000001
303.00	-0.0000002	-0.000719	0.106517	-0.000001
304.00	-0.0000004	-0.001701	0.106505	-0.000001
305.00	0.0000005	-0.000000	0.106494	-0.000001
306.00	0.0000003	-0.000634	0.106482	-0.000001
307.00	-0.0000001	-0.006285	0.106471	-0.000001
308.00	-0.0000003	-0.000065	0.106459	-0.000001
309.00	0.0000001	-0.002537	0.106448	-0.000001
310.00	0.0000005	-0.000141	0.106436	-0.000001
311.00	-0.0000002	-0.002043	0.106351	-0.000001
312.00	-0.0000003	0.000254	0.106339	-0.000001
313.00	0.0000000	-0.000530	0.106328	-0.000001
314.00	0.0000005	-0.001859	0.106316	-0.000001
315.00	0.0000004	-0.003785	0.106305	-0.000001
316.00	-0.0000002	-0.000595	0.106293	-0.000001
317.00	-0.0000004	-0.000086	0.106282	-0.000001
318.00	0.0000000	-0.001813	0.106270	-0.000001
319.00	0.0000005	-0.002696	0.106259	-0.000001
320.00	0.0000004	-0.001442	0.106247	-0.000001
321.00	-0.0000001	-0.000934	0.106236	-0.000001
322.00	-0.0000005	-0.003605	0.106224	-0.000001
323.00	0.0000000	-0.003643	0.106213	-0.000001
324.00	0.0000004	-0.002340	0.106201	-0.000001
325.00	0.0000004	-0.001434	0.106190	-0.000001
326.00	-0.0000003	-0.001026	0.106178	-0.000001
327.00	-0.0000005	0.000128	0.106167	-0.000001
328.00	0.0000000	0.000090	0.106155	-0.000001
329.00	0.0000003	-0.000693	0.106143	-0.000001
330.00	0.0000002	0.000858	0.106132	-0.000001
331.00	0.0000000	-0.000819	0.106120	-0.000001
332.00	-0.0000005	-0.001056	0.106109	-0.000001
333.00	-0.0000002	-0.000398	0.106097	-0.000001
334.00	0.0000004	-0.002821	0.106086	-0.000001
335.00	0.0000002	0.000618	0.106074	-0.000001
336.00	-0.0000000	-0.001059	0.106063	-0.000001
337.00	-0.0000004	-0.001544	0.106051	-0.000001
338.00	-0.0000001	-0.000887	0.106040	-0.000001
339.00	0.0000006	-0.002316	0.106028	-0.000001
340.00	0.0000006	-0.001659	0.106017	-0.000001
341.00	0.0000001	-0.001002	0.106005	-0.000001
342.00	-0.0000004	-0.002530	0.105994	-0.000001
343.00	-0.0000001	-0.002469	0.105982	-0.000001
344.00	0.0000004	-0.000967	0.105970	-0.000001
345.00	0.0000006	0.000336	0.105959	-0.000001
346.00	0.0000001	-0.001888	0.105947	-0.000001
347.00	-0.0000004	0.000210	0.105936	-0.000001
348.00	-0.0000001	-0.001716	0.105924	-0.000001
349.00	0.0000004	0.000581	0.105913	-0.000001
350.00	0.0000006	-0.000600	0.105901	-0.000001
351.00	0.0000001	0.000803	0.105890	-0.000001
352.00	-0.0000003	0.001510	0.105878	-0.000001
353.00	-0.0000000	0.000230	0.105867	-0.000001
354.00	0.0000004	0.004513	0.105855	-0.000001
355.00	0.0000006	0.001097	0.105844	-0.000001
356.00	-0.0000002	0.000513	0.105832	-0.000001
357.00	-0.0000008	0.002064	0.105821	-0.000001
358.00	-0.0000003	0.001132	0.105809	-0.000001
359.00	0.0000003	0.003378	0.105797	-0.000001
360.00	0.0000006	-0.000932	0.105786	-0.000001
361.00	0.0000002	-0.001367	0.105775	-0.000001
362.00	-0.0000001	-0.000859	0.105763	-0.000001
363.00	-0.0000003	-0.001294	0.105752	-0.000001
364.00	0.0000001	-0.002525	0.105740	-0.000001
365.00	0.0000006	0.000517	0.105728	-0.000001
366.00	0.0000006	0.000578	0.105717	-0.000001
367.00	0.0000001	-0.000901	0.105705	-0.000001
368.00	-0.0000004	-0.001386	0.105694	-0.000001
369.00	-0.0000000	-0.000778	0.105682	-0.000001
370.00	0.0000002	0.002512	0.105671	-0.000001
371.00	0.0000006	0.001083	0.105659	-0.000001
372.00	-0.0000005	0.001790	0.105648	-0.000001
373.00	-0.0000002	0.000708	0.105636	-0.000001
374.00	-0.0000003	0.000323	0.105625	-0.000001
375.00	0.0000002	-0.001007	0.105613	-0.000001
376.00	0.0000006	0.001339	0.105602	-0.000001
377.00	0.0000006	0.001102	0.105590	-0.000001
378.00	0.0000001	0.001064	0.105578	-0.000001
379.00	-0.0000003	0.001523	0.105567	-0.000001
380.00	0.0000001	0.003024	0.105555	-0.000001
381.00	0.0000004	0.000403	0.105544	-0.000001
382.00	0.0000006	0.000862	0.105532	-0.000001
383.00	0.0000002	0.000873	0.105521	-0.000001
384.00	-0.0000003	-0.000009	0.105509	-0.000001
385.00	-0.0000000	-0.000296	0.105498	-0.000001
386.00	0.0000002	0.000709	0.105486	-0.000001
387.00	0.0000006	0.001665	0.105475	-0.000001
388.00	0.0000002	0.002272	0.105463	-0.000001
389.00	-0.0000002	0.000496	0.105452	-0.000001
390.00	-0.0000004	0.000756	0.105440	-0.000001
391.00	0.0000001	0.000817	0.105429	-0.000001
392.00	0.0000006	-0.000016	0.105417	-0.000001
393.00	0.0000005	-0.000402	0.105405	-0.000001
394.00	0.0000001	-0.000837	0.105394	-0.000001
395.00	-0.0000004	0.001658	0.105382	-0.000001
396.00	0.0000001	-0.001212	0.105371	-0.000001
397.00	0.0000006	-0.001101	0.105359	-0.000001
398.00	0.0000006	-0.002679	0.105348	-0.000001
399.00	0.0000002	0.000611	0.105336	-0.000001
400.00	0.0000001	-0.002339	0.105306	-0.000001
401.00	0.0000006	0.001050	0.105295	-0.000001
402.00	0.0000005	0.002999	0.105283	-0.000001
403.00	0.0000001	-0.001063	0.105272	-0.000001
404.00	-0.0000004	0.001432	0.105260	-0.000001
405.00	0.0000001	0.000450	0.105249	-0.000001
406.00	0.0000009	-0.001177	0.105237	-0.000001
407.00	0.0000006	-0.000073	0.105226	-0.000001
408.00	0.0000001	-0.000807	0.105214	-0.000001
409.00	-0.0000006	0.001092	0.105203	-0.000001
410.00	-0.0000001	-0.000386	0.105191	-0.000001
411.00	0.0000003	-0.000424	0.105180	-0.000001
412.00	0.0000006	-0.000264	0.105168	-0.000001
413.00	0.0000005	0.000443	0.105157	-0.000001
414.00	0.0000003	-0.000241	0.105145	-0.000001
415.00	0.0000004	0.000069	0.105133	-0.000001
416.00	0.0000011	0.000627	0.105122	-0.000001
417.00	0.0000011	-0.000008	0.105110	-0.000001
418.00	0.0000006	-0.000344	0.105099	-0.000001
419.00	0.0000001	-0.001276	0.105087	-0.000001
420.00	-0.0000003	0.001666	0.105076	-0.000001
421.00	0.0000001	0.000337	0.105064	-0.000001
422.00	0.0000006	-0.001639	0.105053	-0.000001
423.00	0.0000006	-0.000187	0.105041	-0.000001
424.00	0.0000004	-0.000473	0.105030	-0.000001
425.00	0.0000001	-0.000958	0.105018	-0.000001
426.00	0.0000008	-0.001096	0.105007	-0.000001
427.00	0.0000011	-0.000935	0.104995	-0.000001
428.00	0.0000011	-0.001222	0.104984	-0.000001
429.00	0.0000010	-0.000415	0.104972	-0.000001
430.00	0.0000001	-0.000404	0.104960	-0.000001
431.00	0.0000001	-0.000641	0.104949	-0.000001
432.00	0.0000003	-0.000381	0.104937	-0.000001
433.00	0.0000006	0.001915	0.104926	-0.000001
434.00	0.0000004	-0.003338	0.104914	-0.000001
435.00	0.0000001	0.000250	0.104903	-0.000001
436.00	-0.0000001	-0.002322	0.104891	-0.000001
437.00	0.0000001	-0.003502	0.104880	-0.000001
438.00	0.0000006	-0.002696	0.104868	-0.000001
439.00	0.0000006	-0.001989	0.104857	-0.000001
440.00	0.0000001	-0.000835	0.104845	-0.000001
441.00	0.0000000	-0.000327	0.104834	-0.000001
442.00	0.0000002	-0.000464	0.104822	-0.000001
443.00	0.0000006	0.000342	0.104810	-0.000001
444.00	0.0000007	0.000850	0.104799	-0.000001
445.00	0.0000004	0.001259	0.104787	-0.000001
446.00	0.0000002	-0.001262	0.104776	-0.000001
447.00	0.0000031	-0.002195	0.104764	-0.000001
448.00	0.0000098	0.000996	0.104753	-0.000001
449.00	0.0000017	-0.001029	0.104742	-0.000001
450.00	0.0000007	0.000770	0.104730	-0.000001
451.00	0.0000002	-0.001900	0.104718	-0.000001
452.00	-0.0000002	-0.000299	0.104707	-0.000001
453.00	0.0000000	-0.000636	0.104695	-0.000001
454.00	0.0000005	0.003598	0.104684	-0.000001
455.00	0.0000007	0.001474	0.104672	-0.000001
456.00	0.0000007	0.002081	0.104661	-0.000001
457.00	0.0000002	0.000752	0.104649	-0.000001
458.00	-0.0000006	-0.001770	0.104638	-0.000001
459.00	0.0000002	0.000179	0.104626	-0.000001
460.00	0.0000005	0.000836	0.104615	-0.000001
461.00	0.0000007	0.000847	0.104603	-0.000001
462.00	0.0000004	0.002001	0.104592	-0.000001
463.00	0.0000002	0.000076	0.104580	-0.000001
464.00	-0.0000002	0.002819	0.104568	-0.000001
465.00	0.0000002	0.001142	0.104557	-0.000001
466.00	0.0000007	-0.000138	0.104545	-0.000001
467.00	0.0000007	0.001910	0.104534	-0.000001
468.00	0.0000005	-0.000214	0.104522	-0.000001
469.00	0.0000002	0.001635	0.104511	-0.000001
470.00	0.0000002	0.000802	0.104499	-0.000001
471.00	0.0000004	0.003844	0.104488	-0.000001
472.00	0.0000007	0.001322	0.104476	-0.000001
473.00	0.0000007	0.000986	0.104465	-0.000001
474.00	-0.0000002	-0.000542	0.104453	-0.000001
475.00	0.0000002	-0.000730	0.104442	-0.000001
476.00	0.0000003	0.000772	0.104430	-0.000001
477.00	0.0000008	0.001082	0.104419	-0.000001
478.00	0.0000011	0.000150	0.104407	-0.000001
479.00	0.0000016	0.002198	0.104395	-0.000001
480.00	0.0000023	0.000918	0.104384	-0.000001
481.00	0.0000033	0.000879	0.104372	-0.000001
482.00	0.0000045	0.000643	0.104361	-0.000001
483.00	0.0000037	-0.001233	0.104349	-0.000001
484.00	0.0000022	0.003199	0.104338	-0.000001
485.00	0.0000011	0.000777	0.104326	-0.000001
486.00	0.0000007	-0.002142	0.104315	-0.000001
487.00	0.0000007	0.000800	0.104303	-0.000001
488.00	0.0000008	0.003195	0.104292	-0.000001
489.00	0.0000011	0.000972	0.104280	-0.000001
490.00	0.0000007	0.000983	0.104269	-0.000001
491.00	0.0000003	0.004808	0.104218	-0.000001
492.00	0.0000008	0.001874	0.104222	-0.000001
493.00	0.0000012	0.002268	0.104225	-0.000001
494.00	0.0000009	0.000377	0.104229	-0.000001
495.00	0.0000007	-0.001216	0.104232	-0.000001
496.00	0.0000007	-0.000673	0.104236	-0.000001
497.00	0.0000013	-0.001123	0.104239	-0.000001
498.00	0.0000016	-0.000233	0.104243	-0.000001
499.00	0.0000016	0.003440	0.104246	-0.000001
500.00	0.0000011	-0.000786	0.104250	-0.000001
501.00	0.0000006	-0.001435	0.104253	-0.000001
502.00	0.0000006	-0.001637	0.104257	-0.000001
503.00	0.0000005	0.002879	0.104260	-0.000001
504.00	0.0000011	-0.000005	0.104263	-0.000001
505.00	0.0000011	-0.001946	0.104267	-0.000001
506.00	0.0000006	-0.000658	0.104270	-0.000001
507.00	0.0000006	0.000283	0.104274	-0.000001
508.00	0.0000010	0.000776	0.104277	-0.000001
509.00	0.0000016	0.001666	0.104281	-0.000001
510.00	0.0000016	0.002160	0.104284	-0.000001
511.00	0.0000016	0.000169	0.104288	-0.000001
512.00	0.0000016	0.000414	0.104291	-0.000001
513.00	0.0000026	0.002795	0.104295	-0.000001
514.00	0.0000030	0.002444	0.104298	-0.000001
515.00	0.0000030	-0.001633	0.104302	-0.000001
516.00	0.0000025	-0.000047	0.104305	-0.000001
517.00	0.0000015	0.000397	0.104308	-0.000001
518.00	0.0000010	0.000344	0.104312	-0.000001
519.00	0.0000010	-0.000156	0.104315	-0.000001
520.00	0.0000010	-0.000160	0.104319	-0.000001
521.00	0.0000005	-0.001256	0.104322	-0.000001
522.00	0.0000001	-0.002600	0.104326	-0.000001
523.00	0.0000002	-0.001014	0.104329	-0.000001
524.00	0.0000006	0.001813	0.104333	-0.000001
525.00	0.0000010	0.000220	0.104336	-0.000001
526.00	0.0000010	-0.001025	0.104340	-0.000001
527.00	0.0000005	-0.000035	0.104343	-0.000001
528.00	0.0000005	-0.001876	0.104347	-0.000001
529.00	0.0000012	-0.000737	0.104350	-0.000001
530.00	0.0000020	-0.002926	0.104353	-0.000001
531.00	0.0000020	0.001491	0.104357	-0.000001
532.00	0.0000010	-0.000400	0.104360	-0.000001
533.00	0.0000004	-0.000205	0.104364	-0.000001
534.00	0.0000003	0.000885	0.104367	-0.000001
535.00	0.0000004	-0.001056	0.104371	-0.000001
536.00	0.0000004	-0.000761	0.104374	-0.000001
537.00	-0.0000001	0.000278	0.104378	-0.000001
538.00	-0.0000006	0.001765	0.104381	-0.000001
539.00	-0.0000005	-0.001765	0.104385	-0.000001
540.00	0.0000000	-0.003110	0.104388	-0.000001
541.00	0.0000002	-0.000828	0.104391	-0.000001
542.00	-0.0000001	-0.001329	0.104395	-0.000001
543.00	-0.0000009	-0.001680	0.104398	-0.000001
544.00	-0.0000005	-0.001733	0.104402	-0.000001
545.00	-0.0000000	-0.002084	0.104405	-0.000001
546.00	0.0000001	-0.002634	0.104409	-0.000001
547.00	-0.0000001	-0.002339	0.104412	-0.000001
548.00	-0.0000006	0.001333	0.104416	-0.000001
549.00	-0.0000005	-0.000359	0.104419	-0.000001
550.00	-0.0000001	0.000134	0.104423	-0.000001
551.00	0.0000003	-0.000466	0.104426	-0.000001
552.00	-0.0000002	0.001071	0.104429	-0.000001
553.00	-0.0000006	-0.000522	0.104433	-0.000001
554.00	-0.0000004	-0.002264	0.104436	-0.000001
555.00	-0.0000005	-0.000231	0.104440	-0.000001
556.00	0.0000003	-0.002221	0.104443	-0.000001
557.00	-0.0000002	0.000010	0.104447	-0.000001
558.00	-0.0000007	0.000752	0.104450	-0.000001
559.00	-0.0000004	0.001146	0.104454	-0.000001
560.00	-0.0000000	0.000695	0.104457	-0.000001
561.00	0.0000002	-0.001394	0.104461	-0.000001
562.00	-0.0000001	-0.001447	0.104464	-0.000001
563.00	-0.0000007	-0.000358	0.104468	-0.000001
564.00	-0.0000006	-0.001057	0.104471	-0.000001
565.00	0.0000000	0.000330	0.104474	-0.000001
566.00	0.0000003	0.003158	0.104478	-0.000001
567.00	-0.0000002	0.001863	0.104481	-0.000001
568.00	-0.0000005	0.002108	0.104485	-0.000001
569.00	-0.0000004	0.000863	0.104488	-0.000001
570.00	-0.0000001	0.000114	0.104492	-0.000001
571.00	0.0000002	0.001601	0.104495	-0.000001
572.00	-0.0000003	0.001697	0.104499	-0.000001
573.00	-0.0000008	0.001942	0.104502	-0.000001
574.00	-0.0000004	0.001392	0.104506	-0.000001
575.00	0.0000001	-0.000698	0.104509	-0.000001
576.00	0.0000002	-0.001446	0.104512	-0.000001
577.00	-0.0000003	0.000438	0.104516	-0.000001
578.00	-0.0000008	0.002074	0.104519	-0.000001
579.00	-0.0000009	0.001822	0.104523	-0.000001
580.00	-0.0000000	0.002961	0.104526	-0.000001
581.00	0.0000002	0.002908	0.104530	-0.000001
582.00	-0.0000003	-0.003056	0.104533	-0.000001
583.00	-0.0000008	0.000119	0.104537	-0.000001
584.00	-0.0000003	0.001109	0.104540	-0.000001
585.00	0.0000000	-0.000285	0.104544	-0.000001
586.00	0.0000002	-0.000289	0.104547	-0.000001
587.00	-0.0000003	0.000155	0.104551	-0.000001
588.00	-0.0000008	0.000450	0.104554	-0.000001
589.00	-0.0000004	0.001936	0.104557	-0.000001
590.00	0.0000000	0.002032	0.104561	-0.000001
591.00	0.0000001	0.000538	0.104564	-0.000001
592.00	-0.0000003	0.001181	0.104568	-0.000001
593.00	-0.0000004	0.001426	0.104571	-0.000001
594.00	-0.0000004	-0.000267	0.104575	-0.000001
595.00	0.0000005	0.001568	0.104578	-0.000001
596.00	0.0000011	0.001813	0.104582	-0.000001
597.00	0.0000012	0.002107	0.104585	-0.000001
598.00	0.0000016	0.000018	0.104589	-0.000001
599.00	0.0000023	-0.002122	0.104592	-0.000001
600.00	0.0000032	0.001252	0.104596	-0.000001
601.00	0.0000036	-0.001632	0.104599	-0.000001
602.00	0.0000031	-0.003175	0.104602	-0.000001
603.00	0.0000021	0.001441	0.104606	-0.000001
604.00	0.0000019	0.000742	0.104609	-0.000001
605.00	0.0000020	-0.000007	0.104613	-0.000001
606.00	0.0000019	-0.000209	0.104616	-0.000001
607.00	0.0000015	-0.000709	0.104620	-0.000001
608.00	0.0000010	0.002069	0.104623	-0.000001
609.00	0.0000010	0.003009	0.104627	-0.000001
610.00	0.0000015	0.001615	0.104630	-0.000001
611.00	0.0000015	-0.001269	0.104634	-0.000001
612.00	0.0000015	-0.000379	0.104637	-0.000001
613.00	0.0000010	-0.001226	0.104640	-0.000001
614.00	0.0000009	0.000012	0.104644	-0.000000
615.00	0.0000020	-0.000240	0.104647	-0.000000
616.00	0.0000025	-0.000641	0.104651	-0.000000
617.00	0.0000028	-0.001389	0.104654	-0.000000
618.00	0.0000029	-0.000648	0.104658	-0.000000
619.00	0.0000035	-0.000353	0.104661	-0.000000
620.00	0.0000045	-0.000754	0.104665	-0.000000
621.00	0.0000049	0.001279	0.104668	-0.000000
622.00	0.0000049	-0.001705	0.104672	-0.000000
623.00	0.0000044	0.000030	0.104675	-0.000000
624.00	0.0000039	0.000673	0.104678	-0.000000
625.00	0.0000041	0.000669	0.104682	-0.000000
626.00	0.0000039	0.001808	0.104685	-0.000000
627.00	0.0000034	-0.000778	0.104689	-0.000000
628.00	0.0000029	0.001553	0.104692	-0.000000
629.00	0.0000024	0.001947	0.104696	-0.000000
630.00	0.0000029	0.000155	0.104699	-0.000000
631.00	0.0000029	-0.000395	0.104703	-0.000000
632.00	0.0000029	-0.002882	0.104706	-0.000000
633.00	0.0000026	-0.001097	0.104710	-0.000000
634.00	0.0000028	0.000141	0.104713	-0.000000
635.00	0.0000034	0.001429	0.104717	-0.000000
636.00	0.0000039	0.000085	0.104720	-0.000000
637.00	0.0000039	0.000280	0.104723	-0.000000
638.00	0.0000037	-0.002058	0.104727	-0.000000
639.00	0.0000038	-0.000075	0.104730	-0.000000
640.00	0.0000042	-0.001369	0.104734	-0.000000
641.00	0.0000043	-0.000081	0.104737	-0.000000
642.00	0.0000038	-0.000929	0.104741	-0.000000
643.00	0.0000028	-0.002920	0.104744	-0.000000
644.00	0.0000024	0.000156	0.104748	-0.000000
645.00	0.0000024	0.000898	0.104751	-0.000000
646.00	0.0000023	-0.001241	0.104755	-0.000000
647.00	0.0000018	-0.001294	0.104758	-0.000000
648.00	0.0000013	-0.002540	0.104762	-0.000000
649.00	0.0000009	-0.002344	0.104765	-0.000000
650.00	0.0000013	-0.000212	0.104768	-0.000000
651.00	0.0000013	-0.003643	0.104772	-0.000000
652.00	0.0000010	-0.002702	0.104775	-0.000000
653.00	0.0000005	-0.001265	0.104779	-0.000000
654.00	-0.0000000	-0.000077	0.104782	-0.000000
655.00	0.0000008	-0.003060	0.104786	-0.000000
656.00	0.0000005	-0.001574	0.104789	-0.000000
657.00	0.0000008	-0.001875	0.104793	-0.000000
658.00	0.0000004	-0.000190	0.104796	-0.000000
659.00	0.0000007	-0.000491	0.104800	-0.000000
660.00	0.0000011	-0.002233	0.104803	-0.000000
661.00	0.0000012	-0.002287	0.104807	-0.000000
662.00	0.0000012	-0.001346	0.104810	-0.000000
663.00	0.0000008	-0.002691	0.104813	-0.000000
664.00	0.0000012	-0.000409	0.104817	-0.000000
665.00	0.0000020	-0.002847	0.104820	-0.000000
666.00	0.0000022	-0.002105	0.104824	-0.000000
667.00	0.0000024	0.001021	0.104827	-0.000000
668.00	0.0000026	-0.002013	0.104831	-0.000000
669.00	0.0000032	-0.001668	0.104834	-0.000000
670.00	0.0000043	0.001010	0.104838	-0.000000
671.00	0.0000052	-0.000235	0.104841	-0.000000
672.00	0.0000062	-0.003169	0.104845	-0.000000
673.00	0.0000071	-0.000639	0.104848	-0.000000
674.00	0.0000094	-0.002629	0.104851	-0.000000
675.00	0.0000126	-0.002136	0.104855	-0.000000
676.00	0.0000161	-0.001444	0.104858	-0.000000
677.00	0.0000206	-0.001497	0.104862	-0.000000
678.00	0.0000266	-0.001998	0.104865	-0.000000
679.00	0.0000355	-0.000908	0.104869	-0.000000
680.00	0.0000480	0.000628	0.104872	-0.000000
681.00	0.0000659	-0.000766	0.104876	-0.000000
682.00	0.0000898	-0.003601	0.104879	-0.000000
683.00	0.0001243	-0.000823	0.104883	-0.000000
684.00	0.0001742	-0.003409	0.104886	-0.000000
685.00	0.0002537	0.001405	0.104889	-0.000000
686.00	0.0003692	-0.004608	0.104893	-0.000000
687.00	0.0005507	-0.002128	0.104896	-0.000000
688.00	0.0008282	-0.001386	0.104900	-0.000000
689.00	0.0012725	-0.002234	0.104903	-0.000000
690.00	0.0019612	-0.001344	0.104907	-0.000000
691.00	0.0031812	0.001285	0.104910	-0.000000
692.00	0.0051300	-0.002543	0.104914	-0.000000
693.00	0.0083710	-0.001751	0.104917	-0.000000
694.00	0.0133154	0.067484	0.104922	-0.000000
695.00	0.0210017	-0.001909	0.104925	-0.000000
696.00	0.0314546	-0.001267	0.104929	-0.000000
697.00	0.0445796	-0.003555	0.104932	-0.000000
698.00	0.0587494	-0.000926	0.104936	-0.000000
699.00	0.0730283	-0.002123	0.104941	-0.000000
700.00	0.0850969	-0.001316	0.104929	-0.000000
701.00	0.0980451	0.034154	0.104924	-0.000000
702.00	0.1117942	-0.003790	0.104919	-0.000000
703.00	0.1256012	-0.000904	0.104914	-0.000000
704.00	0.1399163	0.000094	0.104910	-0.000000
705.00	0.1533514	-0.001541	0.104905	-0.000000
706.00	0.1661198	-0.000245	0.104900	-0.000000
707.00	0.1766497	-0.001780	0.104896	-0.000000
708.00	0.1851570	-0.002222	0.104891	-0.000000
709.00	0.1913144	-0.002615	0.104887	-0.000000
710.00	0.1951193	-0.002163	0.104882	-0.000000
711.00	0.1974742	0.002808	0.104877	-0.000000
712.00	0.1987384	-0.001757	0.104873	-0.000000
713.00	0.1992094	-0.001404	0.104868	-0.000000
714.00	0.1993259	-0.000655	0.104864	-0.000000
715.00	0.1991177	-0.000153	0.104859	-0.000000
716.00	0.1986318	-0.002881	0.104854	-0.000000
717.00	0.1979576	-0.002578	0.104850	-0.000000
718.00	0.1970776	-0.001679	0.104845	-0.000000
719.00	0.1961233	-0.001377	0.104841	-0.000000
720.00	0.1950450	0.000863	0.104836	-0.000000
721.00	0.1939544	-0.006186	0.104831	-0.000000
722.00	0.1928017	0.001766	0.104827	-0.000000
723.00	0.1915623	-0.004289	0.104822	-0.000000
724.00	0.1905014	-0.004135	0.104817	-0.000000
725.00	0.1895000	0.000538	0.104813	-0.000000
726.00	0.1886274	-0.000798	0.104808	-0.000000
727.00	0.1877574	-0.001390	0.104804	-0.000000
728.00	0.1869394	-0.002080	0.104799	-0.000000
729.00	0.1861586	-0.000635	0.104794	-0.000000
730.00	0.1853654	0.000760	0.104790	-0.000000
731.00	0.1844606	-0.003507	0.104785	-0.000000
732.00	0.1835930	-0.001218	0.104781	-0.000000
733.00	0.1825594	-0.000965	0.104776	-0.000000
734.00	0.1814687	-0.001357	0.104771	-0.000000
735.00	0.1802293	-0.002247	0.104767	-0.000000
736.00	0.1790097	-0.001745	0.104762	-0.000000
737.00	0.1777183	-0.001095	0.104758	-0.000000
738.00	0.1764045	-0.002034	0.104753	-0.000000
739.00	0.1751527	-0.000291	0.104748	-0.000000
740.00	0.1738514	-0.002522	0.104744	-0.000000
741.00	0.1726863	-0.002815	0.104739	-0.000000
742.00	0.1714345	-0.001867	0.104735	-0.000000
743.00	0.1702844	-0.002359	0.104730	-0.000000
744.00	0.1692135	-0.002851	0.104725	-0.000000
745.00	0.1681526	-0.002548	0.104721	-0.000000
746.00	0.1671091	-0.003190	0.104716	-0.000000
747.00	0.1660308	-0.000602	0.104712	-0.000000
748.00	0.1650393	-0.003925	0.104707	-0.000000
749.00	0.1639982	-0.000792	0.104702	-0.000000
750.00	0.1629075	-0.003718	0.104698	-0.000000
751.00	0.1618912	-0.000683	0.104693	-0.000000
752.00	0.1607757	0.000563	0.104689	-0.000000
753.00	0.1597941	-0.003306	0.104684	-0.000000
754.00	0.1587035	-0.001762	0.104679	-0.000000
755.00	0.1576822	0.000080	0.104675	-0.000000
756.00	0.1565990	-0.000610	0.104670	-0.000000
757.00	0.1555455	-0.001599	0.104665	-0.000000
758.00	0.1545044	-0.000353	0.104661	-0.000000
759.00	0.1532526	-0.001938	0.104656	-0.000000
760.00	0.1517282	-0.001784	0.104652	-0.000000
761.00	0.1510589	-0.000736	0.104647	-0.000000
762.00	0.1500971	-0.002718	0.104642	-0.000000
763.00	0.1488974	-0.001075	0.104638	-0.000000
764.00	0.1479356	-0.002461	0.104633	-0.000000
765.00	0.1469813	-0.003400	0.104629	-0.000000
766.00	0.1459154	-0.003495	0.104624	-0.000000
767.00	0.1447256	-0.006123	0.104619	-0.000000
768.00	0.1436597	-0.002293	0.104615	-0.000000
769.00	0.1424327	-0.002239	0.104610	-0.000000
770.00	0.1412131	0.000398	0.104606	-0.000000
771.00	0.1400035	-0.001932	0.104601	-0.000000
772.00	0.1388037	-0.002474	0.104596	-0.000001
773.00	0.1376238	0.000561	0.104592	-0.000001
774.00	0.1364960	-0.000577	0.104587	-0.000001
775.00	0.1353929	-0.004198	0.104582	-0.000001
776.00	0.1342899	0.000426	0.104578	-0.000001
777.00	0.1332612	-0.000364	0.104573	-0.000001
778.00	0.1321581	-0.001701	0.104569	-0.000001
779.00	0.1312682	-0.000405	0.104564	-0.000001
780.00	0.1303164	-0.001344	0.104559	-0.000001
781.00	0.1294042	-0.001290	0.104555	-0.000001
782.00	0.1285713	-0.003024	0.104550	-0.000001
783.00	0.1277459	-0.000585	0.104546	-0.000001
784.00	0.1268907	-0.004505	0.104541	-0.000001
785.00	0.1260479	-0.001669	0.104536	-0.000001
786.00	0.1251803	-0.000323	0.104532	-0.000001
787.00	0.1244243	-0.001262	0.104527	-0.000001
788.00	0.1235542	-0.001307	0.104523	-0.000001
789.00	0.1226817	-0.002197	0.104518	-0.000001
790.00	0.1217794	-0.004278	0.104513	-0.000001
791.00	0.1209912	-0.001244	0.104509	-0.000001
792.00	0.1201038	-0.003027	0.104504	-0.000001
793.00	0.1192436	-0.000688	0.104500	-0.000001
794.00	0.1184380	-0.001528	0.104495	-0.000001
795.00	0.1175828	-0.001772	0.104490	-0.000001
796.00	0.1168268	-0.001121	0.104486	-0.000001
797.00	0.1160212	-0.003650	0.104481	-0.000001
798.00	0.1153445	-0.002801	0.104477	-0.000001
799.00	0.1146703	-0.002896	0.104472	-0.000001
800.00	0.1139762	-0.002295	0.104467	-0.000001
801.00	0.1133813	-0.001893	0.104463	-0.000001
802.00	0.1127368	-0.002683	0.104458	-0.000001
803.00	0.1121915	-0.001685	0.104454	-0.000001
804.00	0.1115966	-0.001631	0.104449	-0.000001
805.00	0.1111008	-0.000683	0.104444	-0.000001
806.00	0.1105555	-0.004503	0.104440	-0.000001
807.00	0.1100498	0.001562	0.104435	-0.000001
808.00	0.1095342	-0.002308	0.104430	-0.000001
809.00	0.1090286	-0.003644	0.104426	-0.000001
810.00	0.1085353	-0.000908	0.104421	-0.000001
811.00	0.1080519	-0.000506	0.104417	-0.000001
812.00	0.1075810	-0.001942	0.104412	-0.000001
813.00	0.1071596	-0.000695	0.104407	-0.000001
814.00	0.1066886	-0.002380	0.104403	-0.000001
815.00	0.1062424	0.001201	0.104398	-0.000001
816.00	0.1058954	-0.001129	0.104394	-0.000001
817.00	0.1055781	0.000962	0.104389	-0.000001
818.00	0.1052509	0.000719	0.104384	-0.000001
819.00	0.1049535	-0.002754	0.104380	-0.000001
820.00	0.1047056	0.001572	0.104375	-0.000001
821.00	0.1044453	-0.001404	0.104371	-0.000001
822.00	0.1040859	-0.002144	0.104366	-0.000001
823.00	0.1037513	-0.002388	0.104361	-0.000001
824.00	0.1034662	0.000249	0.104357	-0.000001
825.00	0.1031688	0.000701	0.104352	-0.000001
826.00	0.1027226	0.000507	0.104347	-0.000001
827.00	0.1023954	-0.002717	0.104343	-0.000001
828.00	0.1020087	-0.001024	0.104338	-0.000001
829.00	0.1016195	-0.000075	0.104334	-0.000001
830.00	0.1013097	-0.001014	0.104329	-0.000001
831.00	0.1010370	-0.001159	0.104324	-0.000001
832.00	0.1008511	-0.001303	0.104320	-0.000001
833.00	0.1007520	-0.000156	0.104315	-0.000001
834.00	0.1007594	-0.000300	0.104311	-0.000001
835.00	0.1009577	-0.000991	0.104306	-0.000001
836.00	0.1011560	-0.000738	0.104301	-0.000001
837.00	0.1012949	0.000061	0.104297	-0.000001
838.00	0.1011734	-0.000680	0.104292	-0.000001
839.00	0.1006281	0.002802	0.104288	-0.000001
840.00	0.0991904	-0.001316	0.104283	-0.000001
841.00	0.0964265	-0.002106	0.104278	-0.000001
842.00	0.0919275	-0.001456	0.104274	-0.000001
843.00	0.0852124	0.000883	0.104269	-0.000001
844.00	0.0767746	-0.000801	0.104265	-0.000001
845.00	0.0670378	-0.002783	0.104260	-0.000001
846.00	0.0562475	0.031843	0.104254	-0.000001
847.00	0.0459171	-0.000190	0.104250	-0.000001
848.00	0.0364800	-0.002917	0.104245	-0.000001
849.00	0.0284731	-0.002118	0.104241	-0.000001
850.00	0.0220212	-0.002560	0.104236	-0.000001
851.00	0.0169731	-0.000668	0.104231	-0.000001
852.00	0.0129496	-0.002005	0.104227	-0.000001
853.00	0.0098899	0.000334	0.104222	-0.000001
854.00	0.0076434	-0.001896	0.104218	-0.000001
855.00	0.0058807	0.068245	0.104211	-0.000001
856.00	0.0045526	-0.002978	0.104207	-0.000001
857.00	0.0035854	-0.001632	0.104202	-0.000001
858.00	0.0028284	-0.000038	0.104197	-0.000001
859.00	0.0022114	-0.001375	0.104193	-0.000001
860.00	0.0017594	0.001511	0.104188	-0.000001
861.00	0.0014174	0.000621	0.104183	-0.000001
862.00	0.0011253	0.000030	0.104179	-0.000001
863.00	0.0009136	0.001773	0.104174	-0.000001
864.00	0.0007468	0.003168	0.104170	-0.000001
865.00	0.0006054	0.001733	0.104165	-0.000001
866.00	0.0005013	-0.000697	0.104160	-0.000001
867.00	0.0004145	0.002189	0.104156	-0.000001
868.00	0.0003407	-0.000588	0.104151	-0.000001
869.00	0.0002862	-0.002819	0.104147	-0.000001
870.00	0.0002404	0.000514	0.104142	-0.000001
871.00	0.0002011	0.001164	0.104137	-0.000001
872.00	0.0001712	-0.000172	0.104133	-0.000001
873.00	0.0001455	-0.000714	0.104128	-0.000001
874.00	0.0001228	0.000979	0.104124	-0.000001
875.00	0.0001059	-0.001251	0.104119	-0.000001
876.00	0.0000917	0.000989	0.104114	-0.000001
877.00	0.0000790	0.000447	0.104110	-0.000001
878.00	0.0000687	0.003382	0.104105	-0.000001
879.00	0.0000595	0.003039	0.104100	-0.000001
880.00	0.0000516	0.002050	0.104096	-0.000001
881.00	0.0000455	-0.000578	0.104091	-0.000001
882.00	0.0000406	0.000718	0.104087	-0.000001
883.00	0.0000356	-0.000320	0.104082	-0.000001
884.00	0.0000316	0.002317	0.104078	-0.000001
885.00	0.0000277	0.002520	0.104073	-0.000001
886.00	0.0000247	-0.000605	0.104068	-0.000001
887.00	0.0000223	0.004069	0.104064	-0.000001
888.00	0.0000198	0.002137	0.104059	-0.000001
889.00	0.0000185	0.000055	0.104054	-0.000001
890.00	0.0000165	0.003735	0.104050	-0.000001
891.00	0.0000147	0.000760	0.104045	-0.000001
892.00	0.0000132	0.000566	0.104041	-0.000001
893.00	0.0000125	-0.000076	0.104036	-0.000001
894.00	0.0000118	0.001369	0.104031	-0.000001
895.00	0.0000108	-0.000613	0.104027	-0.000001
896.00	0.0000094	-0.000409	0.104022	-0.000001
897.00	0.0000083	-0.001249	0.104018	-0.000001
898.00	0.0000078	-0.001543	0.104013	-0.000001
899.00	0.0000078	0.000200	0.104008	-0.000001
900.00	0.0000073	0.001347	0.104004	-0.000001
901.00	0.0000068	0.002494	0.103999	-0.000001
902.00	0.0000061	0.002400	0.103995	-0.000001
903.00	0.0000053	-0.000179	0.103990	-0.000001
904.00	0.0000053	-0.000770	0.103985	-0.000001
905.00	0.0000054	0.000630	0.103927	-0.000001
906.00	0.0000049	-0.001644	0.103915	-0.000001
907.00	0.0000044	-0.001583	0.103904	-0.000001
908.00	0.0000040	-0.001373	0.103893	-0.000001
909.00	0.0000044	-0.000318	0.103881	-0.000001
910.00	0.0000044	-0.001300	0.103870	-0.000001
911.00	0.0000039	-0.000395	0.103859	-0.000001
912.00	0.0000034	-0.002420	0.103847	-0.000001
913.00	0.0000029	0.002012	0.103836	-0.000001
914.00	0.0000033	-0.000460	0.103825	-0.000001
915.00	0.0000034	-0.001293	0.103813	-0.000001
916.00	0.0000034	-0.000388	0.103802	-0.000001
917.00	0.0000029	-0.001172	0.103791	-0.000001
918.00	0.0000024	-0.002651	0.103780	-0.000001
919.00	0.0000024	-0.000106	0.103768	-0.000001
920.00	0.0000026	0.000402	0.103757	-0.000001
921.00	0.0000028	0.000562	0.103746	-0.000001
922.00	0.0000024	0.000673	0.103735	-0.000001
923.00	0.0000019	-0.000260	0.103723	-0.000001
924.00	0.0000019	-0.000050	0.103712	-0.000001
925.00	0.0000022	0.003141	0.103701	-0.000001
926.00	0.0000024	-0.000474	0.103689	-0.000001
927.00	0.0000019	0.002120	0.103678	-0.000001
928.00	0.0000014	-0.001147	0.103667	-0.000001
929.00	0.0000014	0.000752	0.103655	-0.000001
930.00	0.0000017	0.001558	0.103644	-0.000001
931.00	0.0000019	-0.000119	0.103633	-0.000001
932.00	0.0000014	0.003866	0.103622	-0.000001
933.00	0.0000009	-0.000146	0.103610	-0.000001
934.00	0.0000009	0.002547	0.103599	-0.000001
935.00	0.0000014	0.000969	0.103588	-0.000001
936.00	0.0000014	0.000384	0.103576	-0.000001
937.00	0.0000009	-0.001293	0.103565	-0.000001
938.00	0.0000004	-0.000587	0.103554	-0.000001
939.00	0.0000007	0.000319	0.103542	-0.000001
940.00	0.0000010	-0.000216	0.103531	-0.000001
941.00	0.0000009	-0.001447	0.103520	-0.000001
942.00	0.0000007	-0.001833	0.103508	-0.000001
943.00	0.0000004	0.002251	0.103497	-0.000001
944.00	0.0000004	0.002163	0.103486	-0.000001
945.00	0.0000009	0.001082	0.103475	-0.000001
946.00	0.0000009	0.001242	0.103463	-0.000001
947.00	0.0000006	0.001005	0.103452	-0.000001
948.00	0.0000004	-0.001417	0.103441	-0.000001
949.00	0.0000004	0.003313	0.103429	-0.000001
950.00	0.0000007	-0.001395	0.103418	-0.000001
951.00	0.0000009	0.000653	0.103407	-0.000001
952.00	0.0000004	-0.001024	0.103395	-0.000001
953.00	0.0000001	0.001222	0.103384	-0.000001
954.00	0.0000001	0.001333	0.103373	-0.000001
955.00	0.0000004	0.001493	0.103362	-0.000001
956.00	0.0000008	0.002249	0.103350	-0.000001
957.00	0.0000006	0.001218	0.103339	-0.000001
958.00	0.0000001	0.003464	0.103328	-0.000001
959.00	-0.0000000	0.000743	0.103316	-0.000001
960.00	0.0000005	0.000904	0.103305	-0.000001
961.00	0.0000008	0.000716	0.103294	-0.000001
962.00	0.0000008	0.001125	0.103283	-0.000001
963.00	0.0000003	0.002030	0.103271	-0.000001
964.00	-0.0000000	-0.000591	0.103260	-0.000001
965.00	0.0000003	0.003394	0.103249	-0.000001
966.00	0.0000008	0.002213	0.103237	-0.000001
967.00	0.0000007	0.002721	0.103226	-0.000001
968.00	0.0000003	0.002285	0.103215	-0.000001
969.00	-0.0000000	-0.000336	0.103203	-0.000001
970.00	0.0000003	0.002457	0.103192	-0.000001
971.00	0.0000008	0.001326	0.103181	-0.000001
972.00	0.0000008	0.002877	0.103170	-0.000001
973.00	0.0000003	0.005024	0.103158	-0.000001
974.00	-0.0000001	0.003297	0.103147	-0.000001
975.00	0.0000003	0.003904	0.103136	-0.000001
976.00	0.0000008	0.002426	0.103124	-0.000001
977.00	0.0000008	0.004225	0.103113	-0.000001
978.00	0.0000003	0.003839	0.103102	-0.000001
979.00	-0.0000002	0.002807	0.103090	-0.000001
980.00	0.0000002	0.000881	0.103079	-0.000001
981.00	0.0000006	0.003078	0.103068	-0.000001
982.00	0.0000008	0.004431	0.103057	-0.000001
983.00	0.0000003	0.000766	0.103045	-0.000001
984.00	0.0000000	0.001870	0.103034	-0.000001
985.00	0.0000001	0.000739	0.103023	-0.000001
986.00	0.0000005	0.002837	0.103011	-0.000001
987.00	0.0000008	0.003345	0.103000	-0.000001
988.00	0.0000006	0.002114	0.102989	-0.000001
989.00	0.0000003	0.000586	0.102977	-0.000001
990.00	0.0000001	0.000895	0.102966	-0.000001
991.00	0.0000003	0.000757	0.102955	-0.000001
992.00	0.0000008	0.002308	0.102944	-0.000001
993.00	0.0000008	0.002121	0.102932	-0.000001
994.00	0.0000000	0.003175	0.102921	-0.000001
995.00	-0.0000006	0.003187	0.102910	-0.000001
996.00	-0.0000003	0.004390	0.102898	-0.000001
997.00	0.0000006	0.001173	0.102887	-0.000001
998.00	0.0000008	0.003221	0.102876	-0.000001
999.00	0.0000008	0.004275	0.102864	-0.000001
1000.00	0.0000003	0.001405	0.102853	-0.000001
1001.00	-0.0000002	0.002807	0.102842	-0.000001
1002.00	0.0000003	0.002868	0.102830	-0.000001
1003.00	0.0000007	0.000694	0.102819	-0.000001
1004.00	0.0000008	0.003537	0.102808	-0.000001
1005.00	0.0000004	0.001114	0.102797	-0.000001
1006.00	0.0000001	0.002814	0.102785	-0.000001
1007.00	-0.0000001	0.002130	0.102774	-0.000001
1008.00	0.0000004	0.004774	0.102763	-0.000001
1009.00	0.0000008	0.004090	0.102752	-0.000001
1010.00	0.0000006	0.001320	0.102740	-0.000001
1011.00	0.0000003	0.004013	0.102729	-0.000001
1012.00	-0.0000002	0.001889	0.102718	-0.000001
1013.00	0.0000003	0.003638	0.102706	-0.000001
1014.00	0.0000008	0.004395	0.102695	-0.000001
1015.00	0.0000008	0.003313	0.102684	-0.000001
1016.00	0.0000003	0.003474	0.102672	-0.000001
1017.00	-0.0000001	0.002541	0.102661	-0.000001
1018.00	0.0000000	0.004788	0.102650	-0.000001
1019.00	0.0000004	-0.000764	0.102638	-0.000001
1020.00	0.0000008	0.000837	0.102627	-0.000001
1021.00	0.0000005	0.003083	0.102616	-0.000001
1022.00	0.0000001	0.005429	0.102605	-0.000001
1023.00	-0.0000002	0.001665	0.102593	-0.000001
1024.00	0.0000003	0.005203	0.102582	-0.000001
1025.00	0.0000008	0.001439	0.102571	-0.000001
1026.00	0.0000007	0.002991	0.102559	-0.000001
1027.00	0.0000003	0.003101	0.102548	-0.000001
1028.00	-0.0000001	0.002169	0.102537	-0.000001
1029.00	0.0000003	0.002776	0.102525	-0.000001
1030.00	0.0000008	0.004178	0.102514	-0.000001
1031.00	0.0000008	0.002699	0.102503	-0.000001
1032.00	0.0000003	0.001668	0.102492	-0.000001
1033.00	-0.0000002	0.003119	0.102480	-0.000001
1034.00	0.0000003	0.001790	0.102469	-0.000001
1035.00	0.0000008	0.005725	0.102458	-0.000001
1036.00	0.0000006	0.003253	0.102446	-0.000001
1037.00	0.0000003	0.002370	0.102435	-0.000001
1038.00	-0.0000004	0.003077	0.102424	-0.000001
1039.00	0.0000004	0.003436	0.102412	-0.000001
1040.00	0.0000008	0.002255	0.102401	-0.000001
1041.00	0.0000007	0.002167	0.102390	-0.000001
1042.00	0.0000003	0.004463	0.102378	-0.000001
1043.00	-0.0000002	0.002388	0.102367	-0.000001
1044.00	0.0000003	0.001108	0.102356	-0.000001
1045.00	0.0000008	-0.000769	0.102345	-0.000001
1046.00	0.0000008	0.002322	0.102333	-0.000001
1047.00	0.0000003	0.004072	0.102322	-0.000001
1048.00	-0.0000002	0.001600	0.102311	-0.000001
1049.00	0.0000002	0.001313	0.102300	-0.000001
1050.00	0.0000006	0.002666	0.102288	-0.000001
1051.00	0.0000008	0.004862	0.102277	-0.000001
1052.00	0.0000003	-0.000292	0.102266	-0.000001
1053.00	-0.0000002	0.003395	0.102254	-0.000001
1054.00	0.0000003	0.003804	0.102243	-0.000001
1055.00	0.0000006	0.002821	0.102232	-0.000001
1056.00	0.0000008	0.001144	0.102220	-0.000001
1057.00	0.0000003	0.002993	0.102209	-0.000001
1058.00	-0.0000000	0.002011	0.102198	-0.000001
1059.00	0.0000002	0.000780	0.102187	-0.000001
1060.00	0.0000007	0.002232	0.102175	-0.000001
1061.00	0.0000008	0.002691	0.102164	-0.000001
1062.00	0.0000004	0.004192	0.102153	-0.000001
1063.00	-0.0000004	0.002962	0.102141	-0.000001
1064.00	0.0000002	0.002029	0.102130	-0.000001
1065.00	0.0000006	0.003580	0.102119	-0.000001
1066.00	0.0000007	0.003442	0.102107	-0.000001
1067.00	0.0000003	0.003305	0.102096	-0.000001
1068.00	-0.0000001	0.006495	0.102085	-0.000001
1069.00	0.0000000	0.006904	0.102074	-0.000001
1070.00	0.0000006	0.004829	0.102062	-0.000001
1071.00	0.0000007	0.002506	0.102051	-0.000001
1072.00	0.0000004	0.004206	0.102040	-0.000001
1073.00	-0.0000000	0.003124	0.102028	-0.000001
1074.00	0.0000002	0.004675	0.102017	-0.000001
1075.00	0.0000002	0.003842	0.102006	-0.000001
1076.00	0.0000007	0.003456	0.101994	-0.000001
1077.00	0.0000003	0.001232	0.101983	-0.000001
1078.00	0.0000001	0.003081	0.101972	-0.000001
1079.00	0.0000002	0.002497	0.101960	-0.000001
1080.00	0.0000007	0.004445	0.101949	-0.000001
1081.00	0.0000007	0.002817	0.101938	-0.000001
1082.00	0.0000002	0.004517	0.101927	-0.000001
1083.00	0.0000002	0.002989	0.101915	-0.000001
1084.00	0.0000002	0.002752	0.101904	-0.000001
1085.00	0.0000007	0.001621	0.101893	-0.000001
1086.00	0.0000007	0.001731	0.101881	-0.000001
1087.00	0.0000002	0.000849	0.101870	-0.000001
1088.00	0.0000002	0.001108	0.101859	-0.000001
1089.00	0.0000002	0.002162	0.101848	-0.000001
1090.00	0.0000007	0.000634	0.101836	-0.000001
1091.00	0.0000007	0.000844	0.101825	-0.000001
1092.00	0.0000005	-0.000436	0.101814	-0.000001
1093.00	0.0000002	0.001214	0.101802	-0.000001
1094.00	0.0000004	0.002020	0.101791	-0.000001
1095.00	0.0000007	0.001783	0.101780	-0.000001
1096.00	0.0000007	0.006414	0.101768	-0.000001
1097.00	0.0000001	0.001607	0.101757	-0.000001
1098.00	0.0000002	0.002562	0.101746	-0.000001
1099.00	0.0000005	0.002822	0.101735	-0.000001
1100.00	0.0000007	0.000648	0.101723	-0.000001
1101.00	0.0000007	0.001603	0.101712	-0.000001
1102.00	0.0000017	0.004822	0.101622	-0.000001
1103.00	0.0000022	0.001406	0.101610	-0.000001
1104.00	0.0000022	0.000325	0.101599	-0.000001
1105.00	0.0000018	0.000932	0.101588	-0.000001
1106.00	0.0000019	0.002174	0.101687	-0.000001
1107.00	0.0000024	0.006889	0.101740	-0.000001
1108.00	0.0000022	0.003458	0.101793	-0.000001
1109.00	0.0000022	0.003455	0.101847	-0.000001
1110.00	0.0000029	0.001166	0.101900	-0.000001
1111.00	0.0000035	0.002305	0.101954	-0.000001
1112.00	0.0000037	0.004288	0.102007	-0.000001
1113.00	0.0000037	0.004582	0.102060	-0.000001
1114.00	0.0000037	0.003983	0.102114	-0.000001
1115.00	0.0000047	0.003482	0.102167	-0.000001
1116.00	0.0000055	0.005813	0.102220	-0.000001
1117.00	0.0000061	0.002382	0.102274	-0.000001
1118.00	0.0000066	0.005259	0.102327	-0.000001
1119.00	0.0000068	0.004312	0.102381	-0.000001
1120.00	0.0000076	0.002471	0.102433	-0.000001
1121.00	0.0000086	0.001772	0.102486	-0.000001
1122.00	0.0000096	0.005047	0.102540	-0.000001
1123.00	0.0000101	0.001963	0.102593	-0.000001
1124.00	0.0000106	0.002059	0.102646	-0.000001
1125.00	0.0000107	0.002850	0.102700	-0.000001
1126.00	0.0000111	0.001505	0.102753	-0.000001
1127.00	0.0000118	0.001650	0.102807	-0.000001
1128.00	0.0000121	-0.000737	0.102860	-0.000001
1129.00	0.0000121	0.002338	0.102913	-0.000001
1130.00	0.0000119	0.001441	0.102967	-0.000001
1131.00	0.0000116	0.001338	0.103020	-0.000001
1132.00	0.0000115	0.002228	0.103074	-0.000001
1133.00	0.0000116	-0.000508	0.103127	-0.000001
1134.00	0.0000115	0.003810	0.103180	-0.000001
1135.00	0.0000111	0.002267	0.103234	-0.000001
1136.00	0.0000106	0.002015	0.103287	-0.000001
1137.00	0.0000101	-0.000423	0.103340	-0.000001
1138.00	0.0000103	0.002851	0.103394	-0.000001
1139.00	0.0000106	0.001705	0.103447	-0.000001
1140.00	0.0000106	0.001404	0.103501	-0.000001
1141.00	0.0000102	0.000754	0.103554	-0.000001
1142.00	0.0000097	0.001098	0.103607	-0.000001
1143.00	0.0000096	0.003578	0.103661	-0.000001
1144.00	0.0000101	0.000246	0.103714	-0.000001
1145.00	0.0000100	0.001087	0.103767	-0.000001
1146.00	0.0000100	0.005107	0.103821	-0.000001
1147.00	0.0000099	0.001427	0.103874	-0.000001
1148.00	0.0000095	0.001324	0.103928	-0.000001
1149.00	0.0000095	-0.000169	0.103981	-0.000001
1150.00	0.0000096	0.002062	0.104034	-0.000001
1151.00	0.0000102	0.000667	0.104088	-0.000001
1152.00	0.0000100	0.000912	0.104141	-0.000001
1153.00	0.0000098	0.003144	0.104194	-0.000001
1154.00	0.0000095	0.003438	0.104248	-0.000001
1155.00	0.0000099	0.000504	0.104301	-0.000001
1156.00	0.0000099	-0.001089	0.104355	-0.000001
1157.00	0.0000105	0.000546	0.104408	-0.000001
1158.00	0.0000104	-0.002637	0.104461	-0.000001
1159.00	0.0000100	0.000240	0.104515	-0.000001
1160.00	0.0000100	0.000932	0.104568	-0.000001
1161.00	0.0000104	-0.000115	0.104621	-0.000001
1162.00	0.0000105	-0.000267	0.104675	-0.000001
1163.00	0.0000110	-0.001761	0.104728	-0.000001
1164.00	0.0000101	-0.000274	0.104781	-0.000001
1165.00	0.0000105	0.001312	0.104834	-0.000001
1166.00	0.0000105	-0.000083	0.104887	-0.000001
1167.00	0.0000110	0.000013	0.104941	-0.000001
1168.00	0.0000115	0.001351	0.104994	-0.000001
1169.00	0.0000112	0.003582	0.105047	-0.000001
1170.00	0.0000110	0.000201	0.105101	-0.000001
1171.00	0.0000109	0.000346	0.105154	-0.000001
1172.00	0.0000111	0.002379	0.105208	-0.000001
1173.00	0.0000115	0.001829	0.105261	-0.000001
1174.00	0.0000110	0.003762	0.105314	-0.000001
1175.00	0.0000102	-0.000613	0.105368	-0.000001
1176.00	0.0000095	0.000924	0.105421	-0.000001
1177.00	0.0000090	0.001814	0.105474	-0.000001
1178.00	0.0000087	0.003300	0.105528	-0.000001
1179.00	0.0000085	-0.001372	0.105581	-0.000001
1180.00	0.0000082	0.001852	0.105635	-0.000001
1181.00	0.0000079	0.003637	0.105688	-0.000001
1182.00	0.0000078	0.002093	0.105741	-0.000001
1183.00	0.0000077	0.002239	0.105795	-0.000001
1184.00	0.0000084	0.000497	0.105848	-0.000001
1185.00	0.0000079	0.000493	0.105901	-0.000001
1186.00	0.0000072	0.000886	0.105955	-0.000001
1187.00	0.0000064	0.002423	0.106008	-0.000001
1188.00	0.0000064	0.001276	0.106062	-0.000001
1189.00	0.0000064	0.001422	0.106115	-0.000001
1190.00	0.0000059	0.001815	0.106168	-0.000001
1191.00	0.0000054	0.002805	0.106222	-0.000001
1192.00	0.0000049	0.000020	0.106275	-0.000001
1193.00	0.0000044	0.002102	0.106329	-0.000001
1194.00	0.0000048	0.002595	0.106382	-0.000001
1195.00	0.0000049	-0.000538	0.106435	-0.000001
1196.00	0.0000045	0.000551	0.106489	-0.000001
1197.00	0.0000041	-0.000098	0.106542	-0.000001
1198.00	0.0000035	0.000345	0.106595	-0.000001
1199.00	0.0000034	-0.001447	0.106649	-0.000001
1200.00	0.0000039	-0.001699	0.106702	-0.000001
