Bentham+Kilukarp+B487 datafile
2024-11-16 19:26:10
Slits: 1.000
Avg: 3
Comment: Luminance filter full slot 6_0 (Baader UV-IR Cut)

00:00:04	-0.000000	0.105550	24.2	-1.5	4.3
00:03:08	0.000000	0.103215	24.2	-1.5	4.3
00:06:13	0.000000	0.104954	24.2	-1.5	4.3
00:09:18	-0.000001	0.104556	24.2	-1.5	4.3
00:12:23	-0.000001	0.103513	24.2	-1.5	4.3
00:13:52	-0.000001	0.103613	24.2	-1.5	4.3

nm	b487	kilu
300.00	-0.0000005	-0.001805	0.105417	-0.000000
301.00	-0.0000010	-0.004029	0.105406	-0.000000
302.00	-0.0000007	0.001694	0.105396	-0.000000
303.00	-0.0000002	-0.002765	0.105385	-0.000000
304.00	-0.0000004	-0.002953	0.105374	-0.000000
305.00	-0.0000007	-0.004134	0.105363	-0.000000
306.00	-0.0000010	-0.003826	0.105352	-0.000000
307.00	-0.0000007	-0.001778	0.105341	-0.000000
308.00	-0.0000003	-0.003208	0.105330	-0.000000
309.00	-0.0000007	-0.004091	0.105320	-0.000000
310.00	-0.0000006	-0.002590	0.105309	-0.000000
311.00	-0.0000004	0.001017	0.105228	-0.000000
312.00	-0.0000001	-0.003244	0.105217	-0.000000
313.00	-0.0000006	-0.003481	0.105207	-0.000000
314.00	-0.0000011	-0.002278	0.105196	-0.000000
315.00	-0.0000008	-0.001125	0.105185	-0.000000
316.00	-0.0000002	-0.003598	0.105174	-0.000000
317.00	-0.0000002	-0.001252	0.105163	-0.000000
318.00	-0.0000007	-0.001092	0.105152	-0.000000
319.00	-0.0000011	0.001650	0.105141	-0.000000
320.00	-0.0000008	-0.002710	0.105130	-0.000000
321.00	-0.0000001	0.000281	0.105120	-0.000000
322.00	-0.0000005	-0.000652	0.105109	-0.000000
323.00	-0.0000008	0.000452	0.105098	-0.000000
324.00	-0.0000011	-0.000232	0.105087	-0.000000
325.00	-0.0000006	0.000921	0.105076	-0.000000
326.00	-0.0000002	-0.001701	0.105065	-0.000000
327.00	-0.0000005	0.000744	0.105054	-0.000000
328.00	-0.0000009	0.001450	0.105043	-0.000000
329.00	-0.0000011	-0.000625	0.105033	-0.000000
330.00	-0.0000006	-0.001210	0.105022	-0.000000
331.00	-0.0000001	0.000787	0.105011	-0.000000
332.00	-0.0000006	0.001146	0.105000	-0.000000
333.00	-0.0000009	0.001008	0.104989	-0.000000
334.00	-0.0000011	0.001317	0.104978	-0.000000
335.00	-0.0000006	0.001328	0.104967	-0.000000
336.00	-0.0000001	0.001339	0.104956	-0.000000
337.00	-0.0000006	0.001399	0.104946	-0.000000
338.00	-0.0000010	0.001013	0.104935	-0.000000
339.00	-0.0000009	-0.003497	0.104924	-0.000000
340.00	-0.0000005	0.000091	0.104913	-0.000000
341.00	-0.0000001	0.000101	0.104902	-0.000000
342.00	-0.0000006	0.001602	0.104891	-0.000000
343.00	-0.0000010	-0.001019	0.104881	-0.000000
344.00	-0.0000009	0.000233	0.104870	-0.000000
345.00	-0.0000006	-0.003382	0.104859	-0.000000
346.00	-0.0000001	-0.000689	0.104848	-0.000000
347.00	-0.0000009	-0.000330	0.104837	-0.000000
348.00	-0.0000010	0.000475	0.104826	-0.000000
349.00	-0.0000010	0.000139	0.104815	-0.000000
350.00	-0.0000004	-0.000447	0.104804	-0.000000
351.00	-0.0000002	-0.001379	0.104794	-0.000000
352.00	-0.0000007	-0.000475	0.104783	-0.000000
353.00	-0.0000010	0.000629	0.104772	-0.000000
354.00	-0.0000010	-0.001148	0.104761	-0.000000
355.00	-0.0000005	0.000899	0.104750	-0.000000
356.00	-0.0000002	0.001059	0.104739	-0.000000
357.00	-0.0000010	-0.000470	0.104728	-0.000000
358.00	-0.0000015	0.001280	0.104717	-0.000000
359.00	-0.0000011	0.002383	0.104707	-0.000000
360.00	-0.0000007	-0.002374	0.104696	-0.000000
361.00	-0.0000002	0.000418	0.104685	-0.000000
362.00	-0.0000009	0.000479	0.104674	-0.000000
363.00	-0.0000008	-0.002789	0.104663	-0.000000
364.00	-0.0000011	-0.001039	0.104652	-0.000000
365.00	-0.0000006	0.001703	0.104641	-0.000000
366.00	-0.0000002	0.000472	0.104630	-0.000000
367.00	-0.0000002	-0.000709	0.104620	-0.000000
368.00	-0.0000008	-0.000996	0.104609	-0.000000
369.00	-0.0000012	0.001002	0.104598	-0.000000
370.00	-0.0000012	0.000814	0.104587	-0.000000
371.00	-0.0000003	0.002514	0.104576	-0.000000
372.00	-0.0000004	0.001432	0.104565	-0.000000
373.00	-0.0000007	-0.000942	0.104554	-0.000000
374.00	-0.0000012	-0.001229	0.104543	-0.000000
375.00	-0.0000009	0.002060	0.104533	-0.000000
376.00	-0.0000004	0.001277	0.104522	-0.000000
377.00	-0.0000002	0.000393	0.104511	-0.000000
378.00	-0.0000007	0.000504	0.104500	-0.000000
379.00	-0.0000012	-0.000678	0.104489	-0.000000
380.00	-0.0000009	-0.001760	0.104478	-0.000000
381.00	-0.0000006	-0.000308	0.104467	-0.000000
382.00	-0.0000007	-0.001589	0.104456	-0.000000
383.00	-0.0000007	0.001750	0.104446	-0.000000
384.00	-0.0000011	0.001115	0.104435	-0.000000
385.00	-0.0000011	-0.000910	0.104424	-0.000000
386.00	-0.0000006	-0.000105	0.104413	-0.000000
387.00	-0.0000002	-0.001584	0.104402	-0.000000
388.00	-0.0000006	-0.000481	0.104391	-0.000000
389.00	-0.0000006	-0.000967	0.104381	-0.000000
390.00	0.0000002	0.001280	0.104370	-0.000000
391.00	0.0000031	0.001936	0.104359	-0.000000
392.00	-0.0000003	0.003934	0.104348	-0.000000
393.00	-0.0000003	-0.001171	0.104337	-0.000000
394.00	-0.0000008	0.001869	0.104326	-0.000000
395.00	-0.0000008	0.000241	0.104315	-0.000000
396.00	0.0000110	0.001643	0.104304	-0.000000
397.00	0.0000774	-0.000880	0.104294	-0.000000
398.00	0.0000075	-0.002359	0.104283	-0.000000
399.00	0.0000063	-0.000113	0.104272	-0.000000
400.00	0.0000225	0.001008	0.104244	-0.000000
401.00	0.0002473	0.001367	0.104233	-0.000000
402.00	0.0004586	0.002023	0.104222	-0.000000
403.00	0.0003356	0.001339	0.104211	-0.000000
404.00	0.0004571	-0.000041	0.104200	-0.000000
405.00	0.0006691	0.001112	0.104189	-0.000000
406.00	0.0010307	0.000925	0.104178	-0.000000
407.00	0.0014484	0.001482	0.104167	-0.000000
408.00	0.0016768	-0.001537	0.104157	-0.000000
409.00	0.0022887	0.000510	0.104146	-0.000000
410.00	0.0040064	0.002607	0.104135	-0.000000
411.00	0.0058528	0.002568	0.104124	-0.000000
412.00	0.0071341	0.000741	0.104113	-0.000000
413.00	0.0101263	0.035027	0.104100	-0.000000
414.00	0.0144742	0.001908	0.104089	-0.000000
415.00	0.0164264	0.001571	0.104078	-0.000000
416.00	0.0181220	0.001284	0.104067	-0.000000
417.00	0.0224923	-0.000096	0.104057	-0.000000
418.00	0.0268390	0.001157	0.104046	-0.000000
419.00	0.0290588	0.001912	0.104035	-0.000000
420.00	0.0313302	0.002122	0.104024	-0.000000
421.00	0.0340222	0.003871	0.104013	-0.000000
422.00	0.0355510	0.000654	0.104002	-0.000000
423.00	0.0362088	0.003148	0.103991	-0.000000
424.00	0.0365464	0.001619	0.103980	-0.000000
425.00	0.0362923	0.002375	0.103970	-0.000000
426.00	0.0363297	0.002883	0.103959	-0.000000
427.00	0.0379904	0.003788	0.103948	-0.000000
428.00	0.0408951	0.002656	0.103937	-0.000000
429.00	0.0426433	0.000581	0.103926	-0.000000
430.00	0.0434496	0.000592	0.103915	-0.000000
431.00	0.0445060	0.000602	0.103904	-0.000000
432.00	0.0454964	0.003246	0.103894	-0.000000
433.00	0.0452498	-0.001611	0.103883	-0.000000
434.00	0.0442618	0.002324	0.103872	-0.000000
435.00	0.0443540	0.002285	0.103861	-0.000000
436.00	0.0458465	0.000210	0.103850	-0.000000
437.00	0.0469416	-0.000525	0.103839	-0.000000
438.00	0.0464644	0.002417	0.103828	-0.000000
439.00	0.0457688	0.000888	0.103818	-0.000000
440.00	0.0463857	0.002588	0.103807	-0.000000
441.00	0.0479395	0.001108	0.103796	-0.000000
442.00	0.0488851	0.001219	0.103785	-0.000000
443.00	0.0487044	0.000236	0.103774	-0.000000
444.00	0.0484029	0.000942	0.103763	-0.000000
445.00	0.0488975	0.002046	0.103752	-0.000000
446.00	0.0499291	-0.000079	0.103741	-0.000000
447.00	0.0506374	0.001919	0.103731	-0.000000
448.00	0.0508387	-0.000256	0.103720	-0.000000
449.00	0.0509952	0.000351	0.103709	-0.000000
450.00	0.0514866	-0.000085	0.103698	-0.000000
451.00	0.0522513	0.000522	0.103687	-0.000000
452.00	0.0530685	0.002768	0.103676	-0.000000
453.00	0.0539817	0.002083	0.103665	-0.000000
454.00	0.0549335	0.002541	0.103654	-0.000000
455.00	0.0559850	0.001509	0.103644	-0.000000
456.00	0.0570848	0.001569	0.103633	-0.000000
457.00	0.0583396	0.001382	0.103622	-0.000000
458.00	0.0599323	0.004025	0.103611	-0.000000
459.00	0.0615962	0.003043	0.103600	-0.000000
460.00	0.0631510	0.000421	0.103589	-0.000000
461.00	0.0643183	0.000730	0.103578	-0.000000
462.00	0.0655454	0.000145	0.103567	-0.000000
463.00	0.0672971	0.001000	0.103557	-0.000000
464.00	0.0695159	0.004388	0.103546	-0.000000
465.00	0.0716918	0.002810	0.103535	-0.000000
466.00	0.0732905	0.001281	0.103524	-0.000000
467.00	0.0744825	0.002484	0.103513	-0.000000
468.00	0.0758945	-0.000784	0.103502	-0.000000
469.00	0.0779800	0.001462	0.103491	-0.000000
470.00	0.0803147	0.000828	0.103480	-0.000000
471.00	0.0821199	0.001286	0.103470	-0.000000
472.00	0.0829197	0.002836	0.103459	-0.000000
473.00	0.0833071	0.000314	0.103448	-0.000000
474.00	0.0843494	0.001070	0.103437	-0.000000
475.00	0.0865620	0.000336	0.103426	-0.000000
476.00	0.0895345	0.033777	0.103413	-0.000000
477.00	0.0920133	0.001949	0.103402	-0.000000
478.00	0.0934386	0.001463	0.103392	-0.000000
479.00	0.0941203	0.005646	0.103381	-0.000000
480.00	0.0950127	0.004664	0.103370	-0.000000
481.00	0.0967726	0.003631	0.103359	-0.000000
482.00	0.0987953	-0.000431	0.103348	-0.000000
483.00	0.1005702	0.002113	0.103337	-0.000000
484.00	0.1015319	0.002720	0.103326	-0.000000
485.00	0.1020277	0.002632	0.103315	-0.000000
486.00	0.1026846	0.001749	0.103305	-0.000000
487.00	0.1039116	0.003498	0.103294	-0.000000
488.00	0.1054360	0.003161	0.103283	-0.000000
489.00	0.1073199	0.002725	0.103272	-0.000000
490.00	0.1089435	0.002262	0.103238	0.000000
491.00	0.1104184	0.000118	0.103246	0.000000
492.00	0.1120668	0.003786	0.103254	0.000000
493.00	0.1136880	0.001543	0.103262	0.000000
494.00	0.1150265	0.000740	0.103270	0.000000
495.00	0.1160180	0.003613	0.103278	0.000000
496.00	0.1166427	0.002661	0.103287	0.000000
497.00	0.1174582	0.001162	0.103295	0.000000
498.00	0.1187720	0.000360	0.103303	0.000000
499.00	0.1204700	0.003232	0.103311	0.000000
500.00	0.1219944	0.003671	0.103319	0.000000
501.00	0.1226265	0.003266	0.103327	0.000000
502.00	0.1223836	0.000228	0.103335	0.000000
503.00	0.1220465	0.001611	0.103343	0.000000
504.00	0.1224332	0.002348	0.103351	0.000000
505.00	0.1240519	0.002936	0.103359	0.000000
506.00	0.1265431	0.003573	0.103367	0.000000
507.00	0.1289227	0.001678	0.103376	0.000000
508.00	0.1299638	0.000527	0.103384	0.000000
509.00	0.1293317	0.001363	0.103392	0.000000
510.00	0.1281543	-0.001029	0.103400	0.000000
511.00	0.1276288	-0.001434	0.103408	0.000000
512.00	0.1286996	0.003127	0.103416	0.000000
513.00	0.1313569	0.000338	0.103424	0.000000
514.00	0.1346488	0.001075	0.103432	0.000000
515.00	0.1369788	0.000669	0.103440	0.000000
516.00	0.1376605	0.001406	0.103448	0.000000
517.00	0.1366194	0.000554	0.103456	0.000000
518.00	0.1350702	0.003625	0.103464	0.000000
519.00	0.1343637	0.002276	0.103472	0.000000
520.00	0.1355411	-0.000613	0.103481	0.000000
521.00	0.1382678	0.000074	0.103489	0.000000
522.00	0.1414903	-0.000828	0.103497	0.000000
523.00	0.1440484	-0.000438	0.103505	0.000000
524.00	0.1452209	0.001342	0.103513	0.000000
525.00	0.1450721	-0.000355	0.103521	0.000000
526.00	0.1445268	-0.002847	0.103529	0.000000
527.00	0.1444648	0.000771	0.103537	0.000000
528.00	0.1453944	-0.000876	0.103545	0.000000
529.00	0.1471667	-0.001878	0.103553	0.000000
530.00	0.1490457	-0.003724	0.103561	0.000000
531.00	0.1504140	-0.002589	0.103570	0.000000
532.00	0.1511080	-0.001306	0.103578	0.000000
533.00	0.1512939	-0.001314	0.103586	0.000000
534.00	0.1516534	-0.001769	0.103594	0.000000
535.00	0.1526077	-0.000834	0.103602	0.000000
536.00	0.1542437	0.000251	0.103610	0.000000
537.00	0.1561400	-0.001694	0.103618	0.000000
538.00	0.1576025	-0.001106	0.103626	0.000000
539.00	0.1583660	-0.000916	0.103634	0.000000
540.00	0.1583164	-0.001818	0.103642	0.000000
541.00	0.1579694	-0.002372	0.103650	0.000000
542.00	0.1580189	0.000153	0.103659	0.000000
543.00	0.1588171	0.000194	0.103667	0.000000
544.00	0.1604655	0.000236	0.103675	0.000000
545.00	0.1625353	-0.001759	0.103683	0.000000
546.00	0.1643944	-0.000426	0.103691	0.000000
547.00	0.1655248	-0.002321	0.103699	0.000000
548.00	0.1659511	-0.000839	0.103707	0.000000
549.00	0.1659313	0.000692	0.103715	0.000000
550.00	0.1659511	0.000386	0.103723	0.000000
551.00	0.1665361	0.002266	0.103731	0.000000
552.00	0.1677532	-0.000971	0.103739	0.000000
553.00	0.1693273	-0.000085	0.103748	0.000000
554.00	0.1709013	-0.001434	0.103756	0.000000
555.00	0.1720415	0.000594	0.103764	0.000000
556.00	0.1722646	-0.001252	0.103772	0.000000
557.00	0.1720391	0.000926	0.103780	0.000000
558.00	0.1716920	0.001017	0.103788	0.000000
559.00	0.1717515	0.001655	0.103796	0.000000
560.00	0.1724258	-0.000787	0.103804	0.000000
561.00	0.1736776	0.000943	0.103812	0.000000
562.00	0.1752020	0.001581	0.103820	0.000000
563.00	0.1766397	0.000828	0.103828	0.000000
564.00	0.1776808	-0.001416	0.103836	0.000000
565.00	0.1781518	-0.001523	0.103844	0.000000
566.00	0.1782956	-0.001283	0.103853	0.000000
567.00	0.1784146	-0.001837	0.103861	0.000000
568.00	0.1788012	-0.001547	0.103869	0.000000
569.00	0.1795548	0.001226	0.103877	0.000000
570.00	0.1805562	-0.002706	0.103885	0.000000
571.00	0.1814982	-0.001721	0.103893	0.000000
572.00	0.1821675	-0.001778	0.103901	0.000000
573.00	0.1824649	-0.002184	0.103909	0.000000
574.00	0.1823162	-0.001745	0.103917	0.000000
575.00	0.1819345	-0.000164	0.103925	0.000000
576.00	0.1817857	-0.000172	0.103933	0.000000
577.00	0.1820634	-0.000279	0.103942	0.000000
578.00	0.1828764	-0.001926	0.103950	0.000000
579.00	0.1840266	-0.003772	0.103958	0.000000
580.00	0.1852536	-0.000850	0.103966	0.000000
581.00	0.1862947	0.000434	0.103974	0.000000
582.00	0.1869640	-0.001462	0.103982	0.000000
583.00	0.1872118	-0.001371	0.103990	0.000000
584.00	0.1871796	-0.003117	0.103998	0.000000
585.00	0.1870111	-0.000841	0.104006	0.000000
586.00	0.1870705	-0.002438	0.104014	0.000000
587.00	0.1873680	-0.003440	0.104022	0.000000
588.00	0.1878340	-0.001411	0.104030	0.000000
589.00	0.1884884	-0.004002	0.104039	0.000000
590.00	0.1889718	-0.002222	0.104047	0.000000
591.00	0.1892940	-0.001435	0.104055	0.000000
592.00	0.1893312	-0.003232	0.104063	0.000000
593.00	0.1892940	-0.001750	0.104071	0.000000
594.00	0.1892717	-0.000466	0.104079	0.000000
595.00	0.1894502	-0.001666	0.104087	0.000000
596.00	0.1899460	-0.000830	0.104095	0.000000
597.00	0.1907070	-0.002875	0.104103	0.000000
598.00	0.1914630	-0.003628	0.104111	0.000000
599.00	0.1919092	-0.000656	0.104119	0.000000
600.00	0.1920083	-0.001955	0.104128	0.000000
601.00	0.1915869	-0.002162	0.104136	0.000000
602.00	0.1905954	-0.002369	0.104144	0.000000
603.00	0.1894105	-0.002377	0.104152	0.000000
604.00	0.1882703	-0.003279	0.104160	0.000000
605.00	0.1874771	-0.005423	0.104168	0.000000
606.00	0.1872118	-0.005083	0.104176	0.000000
607.00	0.1875217	-0.003105	0.104184	0.000000
608.00	0.1881786	-0.000579	0.104192	0.000000
609.00	0.1891081	-0.002227	0.104200	0.000000
610.00	0.1900625	-0.002533	0.104208	0.000000
611.00	0.1907070	0.000290	0.104216	0.000000
612.00	0.1909177	0.000133	0.104224	0.000000
613.00	0.1906400	0.000970	0.104233	0.000000
614.00	0.1900451	-0.000827	0.104241	0.000000
615.00	0.1892916	-0.000288	0.104249	0.000000
616.00	0.1885876	-0.002184	0.104257	0.000000
617.00	0.1882529	-0.000901	0.104265	0.000000
618.00	0.1882034	0.001227	0.104273	0.000000
619.00	0.1885876	-0.001264	0.104281	0.000000
620.00	0.1892940	-0.000974	0.104289	0.000000
621.00	0.1901120	-0.002075	0.104297	0.000000
622.00	0.1907888	-0.000941	0.104305	0.000000
623.00	0.1913341	-0.002886	0.104313	0.000000
624.00	0.1913440	-0.002447	0.104322	0.000000
625.00	0.1909177	-0.002157	0.104330	0.000000
626.00	0.1900501	-0.000775	0.104338	0.000000
627.00	0.1888726	-0.003912	0.104346	0.000000
628.00	0.1876456	-0.004814	0.104354	0.000000
629.00	0.1865302	-0.002736	0.104362	0.000000
630.00	0.1856998	-0.001701	0.104370	0.000000
631.00	0.1851073	-0.001163	0.104378	0.000000
632.00	0.1850379	-0.004449	0.104386	0.000000
633.00	0.1853651	0.000112	0.104394	0.000000
634.00	0.1859700	0.000353	0.104402	0.000000
635.00	0.1869144	-0.001394	0.104411	0.000000
636.00	0.1877200	-0.002594	0.104419	0.000000
637.00	0.1884017	-0.002701	0.104427	0.000000
638.00	0.1888479	-0.002461	0.104435	0.000000
639.00	0.1887611	-0.000780	0.104443	0.000000
640.00	0.1883199	-0.000441	0.104451	0.000000
641.00	0.1875465	-0.003529	0.104459	0.000000
642.00	0.1866244	-0.000705	0.104467	0.000000
643.00	0.1857518	-0.000167	0.104475	0.000000
644.00	0.1850677	-0.001268	0.104483	0.000000
645.00	0.1847578	-0.004753	0.104491	0.000000
646.00	0.1848942	-0.000986	0.104500	0.000000
647.00	0.1853403	-0.003428	0.104508	0.000000
648.00	0.1859476	-0.002443	0.104516	0.000000
649.00	0.1868227	-0.000216	0.104524	0.000000
650.00	0.1874374	-0.000770	0.104532	0.000000
651.00	0.1878142	-0.000381	0.104540	0.000000
652.00	0.1878836	-0.001581	0.104548	0.000000
653.00	0.1876952	-0.002533	0.104556	0.000000
654.00	0.1871623	-0.001647	0.104564	0.000000
655.00	0.1867285	-0.001009	0.104572	0.000000
656.00	0.1862451	-0.002954	0.104580	0.000000
657.00	0.1859972	-0.001721	0.104588	0.000000
658.00	0.1859229	-0.001778	0.104596	0.000000
659.00	0.1858708	-0.002035	0.104605	0.000000
660.00	0.1858014	0.000242	0.104613	0.000000
661.00	0.1857320	-0.002200	0.104621	0.000000
662.00	0.1852957	-0.002556	0.104629	0.000000
663.00	0.1845595	-0.001223	0.104637	0.000000
664.00	0.1835680	-0.001678	0.104645	0.000000
665.00	0.1822790	0.000052	0.104653	0.000000
666.00	0.1810768	0.000591	0.104661	0.000000
667.00	0.1798622	-0.002100	0.104669	0.000000
668.00	0.1788905	-0.003498	0.104677	0.000000
669.00	0.1781667	-0.000675	0.104685	0.000000
670.00	0.1776709	-0.000435	0.104694	0.000000
671.00	0.1773239	-0.001586	0.104702	0.000000
672.00	0.1768009	-0.001743	0.104710	0.000000
673.00	0.1763051	-0.002844	0.104718	0.000000
674.00	0.1773958	-0.002504	0.104726	0.000000
675.00	0.1791309	-0.002015	0.104734	0.000000
676.00	0.1818080	-0.000931	0.104742	0.000000
677.00	0.1846116	-0.000293	0.104750	0.000000
678.00	0.1870011	-0.002834	0.104758	0.000000
679.00	0.1895196	-0.002395	0.104766	0.000000
680.00	0.1918695	0.000775	0.104774	0.000000
681.00	0.1942269	-0.000077	0.104783	0.000000
682.00	0.1962347	-0.002668	0.104791	0.000000
683.00	0.1977096	-0.001087	0.104799	0.000000
684.00	0.1983789	-0.003678	0.104807	0.000000
685.00	0.1983045	-0.001053	0.104815	0.000000
686.00	0.1974121	-0.002303	0.104823	0.000000
687.00	0.1958455	-0.001814	0.104831	0.000000
688.00	0.1937336	-0.001475	0.104839	0.000000
689.00	0.1908805	0.000206	0.104847	0.000000
690.00	0.1871127	-0.002385	0.104855	0.000000
691.00	0.1810892	-0.001201	0.104863	0.000000
692.00	0.1725993	-0.000315	0.104871	0.000000
693.00	0.1605275	-0.000174	0.104880	0.000000
694.00	0.1458282	-0.000282	0.104888	0.000000
695.00	0.1285410	0.000604	0.104896	0.000000
696.00	0.1107630	-0.000298	0.104904	0.000000
697.00	0.0934312	-0.001597	0.104912	0.000000
698.00	0.0779932	-0.001435	0.104949	-0.000000
699.00	0.0647563	-0.001384	0.104947	-0.000000
700.00	0.0531004	0.035725	0.104942	-0.000000
701.00	0.0445926	-0.000930	0.104940	-0.000000
702.00	0.0372041	-0.003312	0.104938	-0.000000
703.00	0.0311706	-0.000876	0.104936	-0.000000
704.00	0.0258322	-0.000974	0.104934	-0.000000
705.00	0.0213410	-0.000376	0.104932	-0.000000
706.00	0.0173021	-0.002311	0.104931	-0.000000
707.00	0.0139154	-0.001763	0.104929	-0.000000
708.00	0.0109793	-0.002059	0.104927	-0.000000
709.00	0.0085584	-0.003697	0.104925	-0.000000
710.00	0.0067225	-0.005036	0.104923	-0.000000
711.00	0.0052458	0.064903	0.104921	-0.000000
712.00	0.0041142	-0.002299	0.104919	-0.000000
713.00	0.0032394	-0.002596	0.104917	-0.000000
714.00	0.0025740	-0.000309	0.104915	-0.000000
715.00	0.0020649	-0.001549	0.104913	-0.000000
716.00	0.0016781	-0.002739	0.104911	-0.000000
717.00	0.0013842	-0.002886	0.104910	-0.000000
718.00	0.0011442	-0.005219	0.104908	-0.000000
719.00	0.0009642	-0.003528	0.104906	-0.000000
720.00	0.0008134	-0.004570	0.104904	-0.000000
721.00	0.0006963	-0.000743	0.104902	-0.000000
722.00	0.0005999	-0.002182	0.104900	-0.000000
723.00	0.0005154	-0.002577	0.104898	-0.000000
724.00	0.0004473	-0.001433	0.104897	-0.000000
725.00	0.0003855	-0.003219	0.104895	-0.000000
726.00	0.0003322	-0.002522	0.104893	-0.000000
727.00	0.0002848	-0.003067	0.104891	-0.000000
728.00	0.0002405	-0.004406	0.104889	-0.000000
729.00	0.0002021	-0.002814	0.104887	-0.000000
730.00	0.0001671	-0.004352	0.104886	-0.000000
731.00	0.0001378	-0.003407	0.104884	-0.000000
732.00	0.0001128	-0.002660	0.104882	-0.000000
733.00	0.0000909	-0.003999	0.104880	-0.000000
734.00	0.0000733	0.000125	0.104878	-0.000000
735.00	0.0000594	-0.001214	0.104876	-0.000000
736.00	0.0000485	-0.001709	0.104875	-0.000000
737.00	0.0000396	-0.001558	0.104873	-0.000000
738.00	0.0000321	-0.001109	0.104871	-0.000000
739.00	0.0000261	-0.002697	0.104869	-0.000000
740.00	0.0000221	-0.003688	0.104867	-0.000000
741.00	0.0000191	-0.001302	0.104865	-0.000000
742.00	0.0000163	-0.000158	0.104863	-0.000000
743.00	0.0000140	-0.001696	0.104862	-0.000000
744.00	0.0000118	-0.000502	0.104860	-0.000000
745.00	0.0000107	-0.001096	0.104858	-0.000000
746.00	0.0000102	0.000793	0.104856	-0.000000
747.00	0.0000092	-0.000645	0.104854	-0.000000
748.00	0.0000087	-0.000892	0.104852	-0.000000
749.00	0.0000077	-0.002480	0.104851	-0.000000
750.00	0.0000073	-0.000541	0.104849	-0.000000
751.00	0.0000077	-0.000936	0.104847	-0.000000
752.00	0.0000078	-0.001977	0.104845	-0.000000
753.00	0.0000076	-0.001032	0.104843	-0.000000
754.00	0.0000071	-0.002371	0.104841	-0.000000
755.00	0.0000067	-0.001674	0.104839	-0.000000
756.00	0.0000071	-0.001175	0.104838	-0.000000
757.00	0.0000072	-0.002862	0.104836	-0.000000
758.00	0.0000065	-0.000377	0.104834	-0.000000
759.00	0.0000053	-0.000872	0.104832	-0.000000
760.00	0.0000043	-0.002459	0.104830	-0.000000
761.00	0.0000038	-0.001216	0.104828	-0.000000
762.00	0.0000033	-0.002009	0.104827	-0.000000
763.00	0.0000028	0.000179	0.104825	-0.000000
764.00	0.0000018	-0.001756	0.104823	-0.000000
765.00	0.0000009	-0.003394	0.104821	-0.000000
766.00	0.0000011	-0.003342	0.104819	-0.000000
767.00	0.0000007	-0.002148	0.104817	-0.000000
768.00	0.0000008	0.000138	0.104815	-0.000000
769.00	0.0000004	-0.001499	0.104814	-0.000000
770.00	-0.0000002	-0.004527	0.104812	-0.000000
771.00	-0.0000000	-0.001446	0.104810	-0.000000
772.00	0.0000003	-0.001295	0.104808	-0.000000
773.00	0.0000003	-0.003429	0.104806	-0.000000
774.00	0.0000002	-0.002533	0.104804	-0.000000
775.00	-0.0000002	0.001592	0.104803	-0.000000
776.00	-0.0000003	-0.002678	0.104801	-0.000000
777.00	0.0000001	0.000155	0.104799	-0.000000
778.00	0.0000004	-0.003022	0.104797	-0.000000
779.00	0.0000002	-0.004759	0.104795	-0.000000
780.00	-0.0000001	-0.003167	0.104793	-0.000000
781.00	-0.0000010	-0.002073	0.104792	-0.000000
782.00	-0.0000001	-0.003015	0.104790	-0.000000
783.00	0.0000004	-0.003460	0.104788	-0.000000
784.00	0.0000004	-0.003160	0.104786	-0.000000
785.00	-0.0000001	-0.004450	0.104784	-0.000000
786.00	-0.0000003	-0.001418	0.104782	-0.000000
787.00	-0.0000001	-0.003850	0.104780	-0.000000
788.00	-0.0000000	-0.006083	0.104779	-0.000000
789.00	0.0000004	-0.002505	0.104777	-0.000000
790.00	-0.0000001	-0.001212	0.104775	-0.000000
791.00	-0.0000001	-0.001657	0.104773	-0.000000
792.00	-0.0000001	-0.002351	0.104771	-0.000000
793.00	0.0000004	-0.003491	0.104769	-0.000000
794.00	0.0000004	-0.003142	0.104768	-0.000000
795.00	-0.0000001	-0.000160	0.104766	-0.000000
796.00	-0.0000006	-0.002890	0.104764	-0.000000
797.00	-0.0000004	-0.004875	0.104762	-0.000000
798.00	-0.0000001	-0.001793	0.104760	-0.000000
799.00	0.0000001	-0.003232	0.104758	-0.000000
800.00	-0.0000001	-0.004919	0.104756	-0.000000
801.00	-0.0000005	-0.006655	0.104755	-0.000000
802.00	-0.0000005	-0.003922	0.104753	-0.000000
803.00	-0.0000002	-0.005112	0.104751	-0.000000
804.00	-0.0000000	-0.003222	0.104749	-0.000000
805.00	-0.0000000	-0.003320	0.104747	-0.000000
806.00	-0.0000008	-0.001083	0.104745	-0.000000
807.00	-0.0000005	-0.003217	0.104744	-0.000000
808.00	-0.0000001	-0.006046	0.104742	-0.000000
809.00	-0.0000000	-0.001326	0.104740	-0.000000
810.00	-0.0000000	-0.003311	0.104738	-0.000000
811.00	-0.0000008	-0.001968	0.104736	-0.000000
812.00	-0.0000005	-0.000675	0.104734	-0.000000
813.00	-0.0000002	0.000569	0.104732	-0.000000
814.00	0.0000003	-0.003850	0.104731	-0.000001
815.00	0.0000003	-0.002258	0.104729	-0.000001
816.00	0.0000000	-0.002753	0.104727	-0.000001
817.00	-0.0000001	-0.003397	0.104725	-0.000001
818.00	0.0000001	-0.000912	0.104723	-0.000001
819.00	0.0000005	0.000729	0.104721	-0.000001
820.00	0.0000003	0.000483	0.104720	-0.000001
821.00	0.0000003	-0.002545	0.104718	-0.000001
822.00	0.0000000	-0.001202	0.104716	-0.000001
823.00	0.0000001	0.001730	0.104714	-0.000001
824.00	0.0000005	-0.001298	0.104712	-0.000001
825.00	0.0000005	-0.003780	0.104710	-0.000001
826.00	-0.0000000	0.000096	0.104709	-0.000001
827.00	-0.0000003	-0.001591	0.104707	-0.000001
828.00	-0.0000003	-0.001986	0.104705	-0.000001
829.00	0.0000001	-0.003822	0.104703	-0.000001
830.00	0.0000001	-0.001784	0.104701	-0.000001
831.00	-0.0000004	-0.004712	0.104699	-0.000001
832.00	-0.0000004	-0.001631	0.104697	-0.000001
833.00	-0.0000003	-0.003815	0.104696	-0.000001
834.00	0.0000001	0.000459	0.104694	-0.000001
835.00	0.0000001	0.000163	0.104692	-0.000001
836.00	-0.0000004	-0.005250	0.104690	-0.000001
837.00	-0.0000005	-0.003460	0.104688	-0.000001
838.00	-0.0000004	-0.001372	0.104686	-0.000001
839.00	0.0000001	-0.001519	0.104685	-0.000001
840.00	0.0000001	-0.003901	0.104683	-0.000001
841.00	-0.0000005	0.001664	0.104681	-0.000001
842.00	-0.0000002	-0.001315	0.104679	-0.000001
843.00	-0.0000001	-0.003449	0.104677	-0.000001
844.00	0.0000001	-0.002851	0.104675	-0.000001
845.00	-0.0000001	-0.001309	0.104673	-0.000001
846.00	-0.0000006	-0.003393	0.104672	-0.000001
847.00	-0.0000004	-0.002597	0.104670	-0.000001
848.00	-0.0000001	-0.004383	0.104668	-0.000001
849.00	0.0000002	-0.001848	0.104666	-0.000001
850.00	-0.0000001	-0.002442	0.104664	-0.000001
851.00	-0.0000003	-0.001944	0.104662	-0.000001
852.00	-0.0000002	-0.000054	0.104661	-0.000001
853.00	0.0000002	0.001537	0.104659	-0.000001
854.00	0.0000002	0.000794	0.104657	-0.000001
855.00	-0.0000003	-0.000943	0.104655	-0.000001
856.00	-0.0000003	-0.000941	0.104653	-0.000001
857.00	0.0000001	-0.001784	0.104651	-0.000001
858.00	0.0000003	-0.000540	0.104649	-0.000001
859.00	0.0000004	0.000853	0.104648	-0.000001
860.00	0.0000001	-0.001530	0.104646	-0.000001
861.00	0.0000002	-0.000137	0.104644	-0.000001
862.00	0.0000007	-0.001178	0.104642	-0.000001
863.00	0.0000012	-0.002667	0.104640	-0.000001
864.00	0.0000007	-0.001423	0.104638	-0.000001
865.00	0.0000003	0.000516	0.104637	-0.000001
866.00	0.0000006	-0.001221	0.104635	-0.000001
867.00	0.0000008	-0.003802	0.104633	-0.000001
868.00	0.0000007	-0.001416	0.104631	-0.000001
869.00	0.0000003	0.000275	0.104629	-0.000001
870.00	0.0000002	-0.000468	0.104627	-0.000001
871.00	0.0000002	-0.002801	0.104626	-0.000001
872.00	0.0000007	-0.002501	0.104624	-0.000001
873.00	0.0000006	-0.000115	0.104622	-0.000001
874.00	0.0000003	-0.000511	0.104620	-0.000001
875.00	0.0000001	-0.001204	0.104618	-0.000001
876.00	0.0000008	-0.001302	0.104616	-0.000001
877.00	0.0000008	-0.001995	0.104614	-0.000001
878.00	0.0000008	-0.004179	0.104613	-0.000001
879.00	0.0000006	-0.001296	0.104611	-0.000001
880.00	0.0000008	-0.000499	0.104609	-0.000001
881.00	0.0000027	-0.003875	0.104607	-0.000001
882.00	0.0000044	-0.001986	0.104605	-0.000001
883.00	0.0000073	-0.003375	0.104603	-0.000001
884.00	0.0000068	-0.001187	0.104602	-0.000001
885.00	0.0000034	-0.000540	0.104600	-0.000001
886.00	0.0000018	-0.003121	0.104598	-0.000001
887.00	0.0000008	-0.000189	0.104596	-0.000001
888.00	-0.0000001	-0.000286	0.104594	-0.000001
889.00	-0.0000001	-0.000582	0.104592	-0.000001
890.00	0.0000003	-0.001226	0.104590	-0.000001
891.00	0.0000003	-0.001423	0.104589	-0.000001
892.00	-0.0000000	-0.000527	0.104587	-0.000001
893.00	-0.0000003	-0.001916	0.104585	-0.000001
894.00	-0.0000002	-0.000921	0.104583	-0.000001
895.00	0.0000003	-0.003849	0.104581	-0.000001
896.00	0.0000002	-0.000768	0.104579	-0.000001
897.00	-0.0000003	-0.001312	0.104578	-0.000001
898.00	-0.0000003	0.000279	0.104576	-0.000001
899.00	-0.0000000	0.000430	0.104574	-0.000001
900.00	0.0000004	-0.002598	0.104572	-0.000001
901.00	-0.0000001	-0.001355	0.104570	-0.000001
902.00	-0.0000004	-0.001701	0.104568	-0.000001
903.00	-0.0000002	0.000338	0.104566	-0.000001
904.00	-0.0000004	-0.000482	0.104542	-0.000001
905.00	-0.0000002	-0.001322	0.104537	-0.000001
906.00	0.0000003	-0.004843	0.104532	-0.000001
907.00	0.0000004	-0.002752	0.104527	-0.000001
908.00	-0.0000001	-0.000761	0.104523	-0.000001
909.00	-0.0000005	-0.003438	0.104518	-0.000001
910.00	-0.0000001	-0.001099	0.104513	-0.000001
911.00	0.0000004	-0.004323	0.104508	-0.000001
912.00	0.0000002	-0.001685	0.104503	-0.000001
913.00	-0.0000002	-0.001233	0.104498	-0.000001
914.00	-0.0000003	-0.002123	0.104494	-0.000001
915.00	0.0000001	-0.001621	0.104489	-0.000001
916.00	0.0000004	-0.000921	0.104484	-0.000001
917.00	0.0000002	-0.001363	0.104479	-0.000001
918.00	-0.0000003	0.000579	0.104474	-0.000001
919.00	-0.0000001	0.001478	0.104469	-0.000001
920.00	0.0000003	-0.000852	0.104465	-0.000001
921.00	0.0000004	-0.001840	0.104460	-0.000001
922.00	-0.0000001	0.002535	0.104455	-0.000001
923.00	-0.0000004	-0.000390	0.104450	-0.000001
924.00	-0.0000001	-0.002968	0.104445	-0.000001
925.00	0.0000004	-0.004305	0.104440	-0.000001
926.00	0.0000004	-0.001021	0.104435	-0.000001
927.00	-0.0000002	-0.002010	0.104431	-0.000001
928.00	-0.0000003	-0.004141	0.104426	-0.000001
929.00	-0.0000004	0.000434	0.104421	-0.000001
930.00	0.0000005	0.000041	0.104416	-0.000001
931.00	0.0000002	-0.000252	0.104411	-0.000001
932.00	-0.0000002	0.000647	0.104406	-0.000001
933.00	-0.0000000	0.002440	0.104402	-0.000001
934.00	-0.0000000	-0.001728	0.104397	-0.000001
935.00	0.0000005	-0.002071	0.104392	-0.000001
936.00	-0.0000000	-0.000526	0.104387	-0.000001
937.00	-0.0000000	-0.001216	0.104382	-0.000001
938.00	0.0000002	0.001421	0.104377	-0.000001
939.00	0.0000005	0.000134	0.104372	-0.000001
940.00	0.0000005	0.002126	0.104368	-0.000001
941.00	0.0000002	-0.000204	0.104363	-0.000001
942.00	0.0000008	-0.001043	0.104358	-0.000001
943.00	0.0000040	-0.001535	0.104353	-0.000001
944.00	0.0000169	0.001003	0.104348	-0.000001
945.00	0.0000179	0.002299	0.104343	-0.000001
946.00	0.0000030	0.000317	0.104339	-0.000001
947.00	0.0000010	0.001614	0.104334	-0.000001
948.00	0.0000010	0.000774	0.104329	-0.000001
949.00	0.0000007	0.001226	0.104324	-0.000001
950.00	0.0000002	0.001429	0.104319	-0.000001
951.00	-0.0000000	-0.001447	0.104314	-0.000001
952.00	0.0000002	0.000446	0.104310	-0.000001
953.00	0.0000005	-0.000046	0.104305	-0.000001
954.00	0.0000004	-0.001879	0.104300	-0.000001
955.00	0.0000000	-0.000782	0.104295	-0.000001
956.00	0.0000000	-0.000628	0.104290	-0.000001
957.00	0.0000003	0.000519	0.104285	-0.000001
958.00	0.0000005	-0.003996	0.104281	-0.000001
959.00	0.0000003	0.001324	0.104276	-0.000001
960.00	-0.0000001	-0.001055	0.104271	-0.000001
961.00	-0.0000002	-0.000554	0.104266	-0.000001
962.00	0.0000003	-0.000698	0.104261	-0.000001
963.00	0.0000005	-0.001389	0.104256	-0.000001
964.00	0.0000001	0.001398	0.104251	-0.000001
965.00	0.0000000	0.000558	0.104247	-0.000001
966.00	0.0000000	0.001705	0.104242	-0.000001
967.00	0.0000005	-0.000674	0.104237	-0.000001
968.00	0.0000005	-0.002656	0.104232	-0.000001
969.00	0.0000000	-0.001509	0.104227	-0.000001
970.00	-0.0000007	0.001427	0.104222	-0.000001
971.00	0.0000000	0.000488	0.104218	-0.000001
972.00	0.0000005	0.001337	0.104213	-0.000001
973.00	0.0000005	0.000945	0.104208	-0.000001
974.00	0.0000000	-0.000839	0.104203	-0.000001
975.00	0.0000000	-0.001927	0.104198	-0.000001
976.00	0.0000004	-0.002319	0.104193	-0.000001
977.00	0.0000005	-0.000625	0.104188	-0.000001
978.00	0.0000003	0.002062	0.104184	-0.000001
979.00	0.0000000	-0.001212	0.104179	-0.000001
980.00	0.0000000	-0.000412	0.104174	-0.000001
981.00	0.0000005	-0.003040	0.104169	-0.000001
982.00	0.0000008	0.000243	0.104164	-0.000001
983.00	0.0000006	0.003924	0.104159	-0.000001
984.00	0.0000006	0.000750	0.104155	-0.000001
985.00	0.0000009	0.001798	0.104150	-0.000001
986.00	0.0000021	-0.000383	0.104145	-0.000001
987.00	0.0000026	0.000516	0.104140	-0.000001
988.00	0.0000039	0.000968	0.104135	-0.000001
989.00	0.0000054	0.001320	0.104130	-0.000001
990.00	0.0000057	-0.000711	0.104126	-0.000001
991.00	0.0000042	0.000386	0.104121	-0.000001
992.00	0.0000026	-0.000404	0.104116	-0.000001
993.00	0.0000014	-0.001690	0.104111	-0.000001
994.00	0.0000011	-0.003970	0.104106	-0.000001
995.00	0.0000011	-0.001234	0.104101	-0.000001
996.00	0.0000011	0.000162	0.104096	-0.000001
997.00	0.0000006	0.000018	0.104092	-0.000001
998.00	0.0000001	-0.001020	0.104087	-0.000001
999.00	-0.0000003	-0.002208	0.104082	-0.000001
1000.00	0.0000006	-0.000564	0.104077	-0.000001
1001.00	0.0000006	-0.004135	0.104072	-0.000001
1002.00	0.0000005	-0.000951	0.104067	-0.000001
1003.00	0.0000001	-0.000202	0.104063	-0.000001
1004.00	0.0000001	-0.001935	0.104058	-0.000001
1005.00	0.0000006	0.000454	0.104053	-0.000001
1006.00	0.0000006	-0.001031	0.104048	-0.000001
1007.00	0.0000003	0.000116	0.104043	-0.000001
1008.00	0.0000001	-0.000624	0.104038	-0.000001
1009.00	0.0000003	-0.001216	0.104034	-0.000001
1010.00	0.0000006	-0.001757	0.104029	-0.000001
1011.00	0.0000006	-0.002895	0.104024	-0.000001
1012.00	0.0000001	-0.003685	0.104019	-0.000001
1013.00	0.0000001	-0.000103	0.104014	-0.000001
1014.00	0.0000004	-0.001589	0.104009	-0.000001
1015.00	0.0000006	0.000155	0.104004	-0.000001
1016.00	0.0000005	-0.002473	0.104000	-0.000001
1017.00	0.0000001	0.000512	0.103995	-0.000001
1018.00	0.0000001	-0.001619	0.103990	-0.000001
1019.00	0.0000006	-0.001068	0.103985	-0.000001
1020.00	0.0000006	-0.003000	0.103980	-0.000001
1021.00	0.0000006	-0.000959	0.103975	-0.000001
1022.00	0.0000001	-0.003735	0.103971	-0.000001
1023.00	0.0000001	-0.003333	0.103966	-0.000001
1024.00	0.0000007	-0.000298	0.103961	-0.000001
1025.00	0.0000003	-0.002082	0.103956	-0.000001
1026.00	0.0000006	-0.003517	0.103951	-0.000001
1027.00	0.0000001	-0.003463	0.103946	-0.000001
1028.00	0.0000003	0.000367	0.103941	-0.000001
1029.00	0.0000009	-0.002162	0.103937	-0.000001
1030.00	0.0000010	-0.000915	0.103932	-0.000001
1031.00	0.0000006	-0.005728	0.103927	-0.000001
1032.00	0.0000002	0.002373	0.103922	-0.000001
1033.00	0.0000006	-0.000702	0.103917	-0.000001
1034.00	0.0000011	-0.000945	0.103912	-0.000001
1035.00	0.0000011	-0.002133	0.103908	-0.000001
1036.00	0.0000006	-0.003121	0.103903	-0.000001
1037.00	0.0000007	-0.003762	0.103898	-0.000001
1038.00	0.0000013	-0.000231	0.103893	-0.000001
1039.00	0.0000018	-0.002113	0.103888	-0.000001
1040.00	0.0000022	-0.003648	0.103883	-0.000001
1041.00	0.0000019	-0.001706	0.103879	-0.000001
1042.00	0.0000018	-0.001801	0.103874	-0.000001
1043.00	0.0000027	-0.000306	0.103869	-0.000001
1044.00	0.0000032	-0.001592	0.103864	-0.000001
1045.00	0.0000032	0.002237	0.103859	-0.000001
1046.00	0.0000028	-0.000291	0.103854	-0.000001
1047.00	0.0000027	0.000459	0.103850	-0.000001
1048.00	0.0000027	0.002053	0.103845	-0.000001
1049.00	0.0000027	-0.001221	0.103840	-0.000001
1050.00	0.0000023	-0.000024	0.103835	-0.000001
1051.00	0.0000018	-0.001658	0.103830	-0.000001
1052.00	0.0000012	0.000433	0.103825	-0.000001
1053.00	0.0000014	0.000885	0.103820	-0.000001
1054.00	0.0000017	-0.002388	0.103816	-0.000001
1055.00	0.0000017	-0.001539	0.103811	-0.000001
1056.00	0.0000012	0.000304	0.103806	-0.000001
1057.00	0.0000007	-0.000188	0.103801	-0.000001
1058.00	0.0000007	-0.002468	0.103796	-0.000001
1059.00	0.0000007	0.001063	0.103791	-0.000001
1060.00	0.0000012	0.002161	0.103787	-0.000001
1061.00	0.0000008	-0.001063	0.103782	-0.000001
1062.00	0.0000006	-0.003343	0.103777	-0.000001
1063.00	0.0000005	-0.002394	0.103772	-0.000001
1064.00	0.0000007	-0.003284	0.103767	-0.000001
1065.00	0.0000011	0.000794	0.103762	-0.000001
1066.00	0.0000003	-0.001784	0.103757	-0.000001
1067.00	0.0000003	-0.000239	0.103753	-0.000001
1068.00	0.0000002	0.001653	0.103748	-0.000001
1069.00	0.0000007	0.000714	0.103743	-0.000001
1070.00	0.0000010	-0.001069	0.103738	-0.000001
1071.00	0.0000008	-0.000717	0.103733	-0.000001
1072.00	0.0000006	-0.000314	0.103728	-0.000001
1073.00	0.0000002	-0.004432	0.103724	-0.000001
1074.00	0.0000006	-0.000503	0.103719	-0.000001
1075.00	0.0000005	0.001190	0.103714	-0.000001
1076.00	0.0000012	0.000450	0.103709	-0.000001
1077.00	0.0000007	0.002243	0.103704	-0.000001
1078.00	0.0000003	-0.005352	0.103699	-0.000001
1079.00	0.0000005	-0.001274	0.103695	-0.000001
1080.00	0.0000010	-0.001219	0.103690	-0.000001
1081.00	0.0000012	-0.001165	0.103685	-0.000001
1082.00	0.0000010	0.000976	0.103680	-0.000001
1083.00	0.0000007	-0.002447	0.103675	-0.000001
1084.00	0.0000006	0.000290	0.103670	-0.000001
1085.00	0.0000009	-0.001940	0.103666	-0.000001
1086.00	0.0000012	-0.002283	0.103661	-0.000001
1087.00	0.0000012	-0.001881	0.103656	-0.000001
1088.00	0.0000009	-0.001131	0.103651	-0.000001
1089.00	0.0000007	-0.003063	0.103646	-0.000001
1090.00	0.0000008	-0.003009	0.103641	-0.000001
1091.00	0.0000012	-0.001911	0.103636	-0.000001
1092.00	0.0000017	0.001670	0.103632	-0.000001
1093.00	0.0000016	-0.002895	0.103627	-0.000001
1094.00	0.0000013	-0.002940	0.103622	-0.000001
1095.00	0.0000013	-0.001047	0.103617	-0.000001
1096.00	0.0000015	-0.000943	0.103612	-0.000001
1097.00	0.0000017	-0.001336	0.103607	-0.000001
1098.00	0.0000023	-0.000387	0.103603	-0.000001
1099.00	0.0000020	-0.005548	0.103598	-0.000001
1100.00	0.0000018	0.000268	0.103593	-0.000001
1101.00	0.0000018	-0.000869	0.103588	-0.000001
1102.00	0.0000058	0.000958	0.103549	-0.000001
1103.00	0.0000060	-0.001322	0.103544	-0.000001
1104.00	0.0000063	-0.001169	0.103540	-0.000001
1105.00	0.0000078	0.000891	0.103516	-0.000001
1106.00	0.0000081	-0.002289	0.103517	-0.000001
1107.00	0.0000092	-0.000154	0.103518	-0.000001
1108.00	0.0000098	-0.000850	0.103519	-0.000001
1109.00	0.0000112	-0.000156	0.103520	-0.000001
1110.00	0.0000128	-0.004528	0.103521	-0.000001
1111.00	0.0000138	-0.002542	0.103522	-0.000001
1112.00	0.0000147	-0.000953	0.103523	-0.000001
1113.00	0.0000145	-0.000905	0.103524	-0.000001
1114.00	0.0000158	-0.002197	0.103525	-0.000001
1115.00	0.0000168	-0.001453	0.103526	-0.000001
1116.00	0.0000173	0.001030	0.103527	-0.000001
1117.00	0.0000173	-0.001455	0.103528	-0.000001
1118.00	0.0000168	-0.003890	0.103529	-0.000001
1119.00	0.0000167	-0.000910	0.103530	-0.000001
1120.00	0.0000168	-0.000961	0.103531	-0.000001
1121.00	0.0000163	-0.002204	0.103532	-0.000001
1122.00	0.0000157	-0.000516	0.103533	-0.000001
1123.00	0.0000148	-0.001560	0.103534	-0.000001
1124.00	0.0000143	-0.000468	0.103535	-0.000001
1125.00	0.0000143	-0.001463	0.103536	-0.000001
1126.00	0.0000142	-0.001960	0.103536	-0.000001
1127.00	0.0000135	-0.001365	0.103537	-0.000001
1128.00	0.0000128	-0.000522	0.103538	-0.000001
1129.00	0.0000128	-0.001218	0.103539	-0.000001
1130.00	0.0000128	-0.001418	0.103540	-0.000001
1131.00	0.0000124	-0.003008	0.103541	-0.000001
1132.00	0.0000124	0.001064	0.103542	-0.000001
1133.00	0.0000118	0.000417	0.103543	-0.000001
1134.00	0.0000120	0.001807	0.103544	-0.000001
1135.00	0.0000123	-0.000429	0.103545	-0.000001
1136.00	0.0000123	-0.001324	0.103546	-0.000001
1137.00	0.0000122	0.001208	0.103547	-0.000001
1138.00	0.0000121	-0.001475	0.103548	-0.000001
1139.00	0.0000126	0.000958	0.103549	-0.000001
1140.00	0.0000131	-0.002371	0.103550	-0.000001
1141.00	0.0000133	-0.000335	0.103551	-0.000001
1142.00	0.0000132	-0.001131	0.103552	-0.000001
1143.00	0.0000133	0.001600	0.103553	-0.000001
1144.00	0.0000139	0.000754	0.103554	-0.000001
1145.00	0.0000148	0.000306	0.103555	-0.000001
1146.00	0.0000152	0.000653	0.103556	-0.000001
1147.00	0.0000152	0.000652	0.103557	-0.000001
1148.00	0.0000158	-0.000442	0.103558	-0.000001
1149.00	0.0000170	-0.000393	0.103559	-0.000001
1150.00	0.0000178	-0.001238	0.103560	-0.000001
1151.00	0.0000188	0.001791	0.103560	-0.000001
1152.00	0.0000193	0.001343	0.103561	-0.000001
1153.00	0.0000203	0.001590	0.103562	-0.000001
1154.00	0.0000223	-0.000249	0.103563	-0.000001
1155.00	0.0000239	0.001737	0.103564	-0.000001
1156.00	0.0000253	0.000693	0.103565	-0.000001
1157.00	0.0000270	-0.001593	0.103566	-0.000001
1158.00	0.0000289	-0.000252	0.103567	-0.000001
1159.00	0.0000318	-0.002886	0.103568	-0.000001
1160.00	0.0000348	0.000789	0.103569	-0.000001
1161.00	0.0000378	-0.001795	0.103570	-0.000001
1162.00	0.0000408	0.000538	0.103571	-0.000001
1163.00	0.0000448	0.001084	0.103572	-0.000001
1164.00	0.0000500	0.001033	0.103573	-0.000001
1165.00	0.0000562	-0.003438	0.103574	-0.000001
1166.00	0.0000624	0.000286	0.103575	-0.000001
1167.00	0.0000697	0.002123	0.103576	-0.000001
1168.00	0.0000787	-0.002299	0.103577	-0.000001
1169.00	0.0000907	-0.000462	0.103578	-0.000001
1170.00	0.0001041	0.000878	0.103579	-0.000001
1171.00	0.0001196	0.000232	0.103580	-0.000001
1172.00	0.0001371	0.000876	0.103581	-0.000001
1173.00	0.0001568	-0.002403	0.103582	-0.000001
1174.00	0.0001799	0.000378	0.103583	-0.000001
1175.00	0.0002043	-0.000567	0.103584	-0.000001
1176.00	0.0002258	0.001121	0.103585	-0.000001
1177.00	0.0002442	0.002859	0.103585	-0.000001
1178.00	0.0002617	-0.000222	0.103586	-0.000001
1179.00	0.0002866	-0.001812	0.103587	-0.000001
1180.00	0.0003201	-0.001913	0.103588	-0.000001
1181.00	0.0003618	-0.001616	0.103589	-0.000001
1182.00	0.0004038	-0.000027	0.103590	-0.000001
1183.00	0.0004452	-0.002661	0.103591	-0.000001
1184.00	0.0004735	0.000120	0.103592	-0.000001
1185.00	0.0004905	-0.003457	0.103593	-0.000001
1186.00	0.0004975	-0.000925	0.103594	-0.000001
1187.00	0.0004960	0.000117	0.103595	-0.000001
1188.00	0.0004891	0.001855	0.103596	-0.000001
1189.00	0.0004826	-0.000779	0.103597	-0.000001
1190.00	0.0004776	-0.000730	0.103598	-0.000001
1191.00	0.0004735	-0.000334	0.103599	-0.000001
1192.00	0.0004702	0.000063	0.103600	-0.000001
1193.00	0.0004671	0.000111	0.103601	-0.000001
1194.00	0.0004631	-0.001529	0.103602	-0.000001
1195.00	0.0004562	-0.000139	0.103603	-0.000001
1196.00	0.0004422	-0.000537	0.103604	-0.000001
1197.00	0.0004193	-0.001581	0.103605	-0.000001
1198.00	0.0003869	-0.003519	0.103606	-0.000001
1199.00	0.0003480	-0.000242	0.103607	-0.000001
1200.00	0.0003050	-0.000144	0.103608	-0.000001
