Bentham+Kilukarp+B487 datafile
2024-11-16 18:27:26
Slits: 1.000
Avg: 3
Comment: r' filter full slot 3_0 (SDSS r')

00:00:03	-0.000001	0.103762	24.2	-1.5	4.3
00:03:08	-0.000001	0.105997	24.2	-1.5	4.3
00:06:14	0.000000	0.101775	24.2	-1.5	4.3
00:09:18	-0.000001	0.106146	24.2	-1.5	4.3
00:12:23	-0.000001	0.102967	24.2	-1.5	4.3
00:13:51	-0.000001	0.105351	24.2	-1.5	4.3

nm	b487	kilu
300.00	0.0000003	-0.002908	0.103888	-0.000001
301.00	-0.0000001	-0.000981	0.103899	-0.000001
302.00	-0.0000005	0.000697	0.103909	-0.000001
303.00	-0.0000006	0.000438	0.103920	-0.000001
304.00	-0.0000001	-0.001261	0.103930	-0.000001
305.00	0.0000004	-0.001818	0.103940	-0.000001
306.00	0.0000000	0.001401	0.103951	-0.000001
307.00	-0.0000002	0.001837	0.103961	-0.000001
308.00	-0.0000006	-0.001104	0.103971	-0.000001
309.00	-0.0000007	-0.001363	0.103982	-0.000001
310.00	0.0000002	-0.000280	0.103992	-0.000001
311.00	0.0000000	0.000438	0.104069	-0.000001
312.00	-0.0000006	-0.001311	0.104079	-0.000001
313.00	-0.0000006	-0.002315	0.104090	-0.000001
314.00	-0.0000001	0.001499	0.104100	-0.000001
315.00	0.0000003	0.001439	0.104111	-0.000001
316.00	0.0000004	-0.000011	0.104121	-0.000001
317.00	0.0000000	-0.001462	0.104131	-0.000001
318.00	-0.0000002	0.001110	0.104142	-0.000001
319.00	-0.0000002	0.000206	0.104152	-0.000001
320.00	0.0000001	0.000245	0.104162	-0.000001
321.00	0.0000005	-0.000510	0.104173	-0.000001
322.00	0.0000004	-0.000570	0.104183	-0.000001
323.00	-0.0000001	-0.002667	0.104193	-0.000001
324.00	-0.0000002	-0.002081	0.104204	-0.000001
325.00	-0.0000001	-0.004972	0.104214	-0.000001
326.00	0.0000002	0.000630	0.104225	-0.000001
327.00	0.0000004	0.000123	0.104235	-0.000001
328.00	0.0000002	0.000808	0.104245	-0.000001
329.00	-0.0000001	0.001443	0.104256	-0.000001
330.00	-0.0000009	0.000340	0.104266	-0.000001
331.00	-0.0000001	0.000528	0.104276	-0.000001
332.00	0.0000004	-0.000277	0.104287	-0.000001
333.00	0.0000004	0.000955	0.104297	-0.000001
334.00	0.0000001	-0.000496	0.104308	-0.000001
335.00	-0.0000001	0.001828	0.104318	-0.000001
336.00	-0.0000009	-0.000219	0.104328	-0.000001
337.00	-0.0000001	0.001161	0.104339	-0.000001
338.00	0.0000004	0.000754	0.104349	-0.000001
339.00	0.0000004	-0.003777	0.104360	-0.000001
340.00	0.0000000	0.003365	0.104370	-0.000001
341.00	-0.0000002	0.001170	0.104380	-0.000001
342.00	-0.0000002	0.002302	0.104391	-0.000001
343.00	-0.0000001	0.002490	0.104401	-0.000001
344.00	0.0000004	0.004516	0.104411	-0.000001
345.00	0.0000007	-0.000312	0.104422	-0.000001
346.00	-0.0000001	0.002558	0.104432	-0.000001
347.00	-0.0000006	0.002448	0.104443	-0.000001
348.00	-0.0000005	0.001097	0.104453	-0.000001
349.00	0.0000001	0.002676	0.104463	-0.000001
350.00	0.0000004	0.001026	0.104474	-0.000001
351.00	0.0000003	0.000370	0.104484	-0.000001
352.00	-0.0000001	-0.000981	0.104494	-0.000001
353.00	-0.0000005	-0.003425	0.104505	-0.000001
354.00	-0.0000000	0.000389	0.104515	-0.000001
355.00	0.0000005	0.002415	0.104526	-0.000001
356.00	0.0000004	0.002156	0.104536	-0.000001
357.00	-0.0000000	0.001600	0.104546	-0.000001
358.00	-0.0000005	0.001241	0.104557	-0.000001
359.00	-0.0000003	-0.001352	0.104567	-0.000001
360.00	0.0000001	-0.001809	0.104578	-0.000001
361.00	0.0000005	0.002651	0.104588	-0.000001
362.00	0.0000001	0.000306	0.104598	-0.000001
363.00	-0.0000000	0.000345	0.104609	-0.000001
364.00	-0.0000004	0.000732	0.104619	-0.000001
365.00	-0.0000000	-0.003003	0.104629	-0.000001
366.00	0.0000005	-0.001673	0.104640	-0.000001
367.00	0.0000004	0.000006	0.104650	-0.000001
368.00	-0.0000000	-0.000402	0.104660	-0.000001
369.00	-0.0000009	0.002866	0.104671	-0.000001
370.00	-0.0000000	0.000471	0.104681	-0.000001
371.00	-0.0000002	-0.001576	0.104692	-0.000001
372.00	0.0000005	0.000302	0.104702	-0.000001
373.00	0.0000001	-0.001050	0.104712	-0.000001
374.00	-0.0000005	0.000778	0.104723	-0.000001
375.00	-0.0000004	0.000867	0.104733	-0.000001
376.00	-0.0000000	0.000906	0.104743	-0.000001
377.00	0.0000005	-0.001091	0.104754	-0.000001
378.00	0.0000001	-0.001648	0.104764	-0.000001
379.00	-0.0000000	0.001073	0.104775	-0.000001
380.00	-0.0000005	0.000020	0.104785	-0.000001
381.00	-0.0000000	-0.000686	0.104795	-0.000001
382.00	0.0000002	0.001986	0.104806	-0.000001
383.00	0.0000005	-0.002594	0.104816	-0.000001
384.00	-0.0000000	0.001518	0.104827	-0.000001
385.00	-0.0000005	0.000216	0.104837	-0.000001
386.00	-0.0000000	0.000901	0.104847	-0.000001
387.00	0.0000004	0.000494	0.104858	-0.000001
388.00	0.0000005	-0.001057	0.104868	-0.000001
389.00	-0.0000000	0.001516	0.104878	-0.000001
390.00	-0.0000003	-0.000978	0.104889	-0.000001
391.00	-0.0000005	0.000253	0.104899	-0.000001
392.00	0.0000001	0.003720	0.104910	-0.000001
393.00	0.0000005	-0.000065	0.104920	-0.000001
394.00	0.0000001	-0.000423	0.104930	-0.000001
395.00	-0.0000003	0.001652	0.104941	-0.000001
396.00	-0.0000005	-0.000047	0.104951	-0.000001
397.00	-0.0000000	-0.000504	0.104961	-0.000001
398.00	0.0000005	0.000230	0.104972	-0.000001
399.00	0.0000005	0.000965	0.104982	-0.000001
400.00	-0.0000004	-0.000900	0.105009	-0.000001
401.00	0.0000000	-0.001357	0.105020	-0.000001
402.00	0.0000005	-0.000573	0.105030	-0.000001
403.00	0.0000003	-0.001875	0.105040	-0.000001
404.00	0.0000000	-0.000892	0.105051	-0.000001
405.00	-0.0000005	-0.000008	0.105061	-0.000001
406.00	-0.0000001	-0.000366	0.105072	-0.000001
407.00	0.0000005	-0.001767	0.105082	-0.000001
408.00	0.0000005	-0.003317	0.105092	-0.000001
409.00	0.0000000	0.000894	0.105102	-0.000001
410.00	-0.0000007	-0.000556	0.105113	-0.000001
411.00	-0.0000005	-0.000020	0.105123	-0.000001
412.00	0.0000001	-0.000726	0.105134	-0.000001
413.00	0.0000005	-0.000289	0.105144	-0.000001
414.00	0.0000002	0.000942	0.105154	-0.000001
415.00	-0.0000002	-0.000906	0.105165	-0.000001
416.00	-0.0000005	0.000822	0.105175	-0.000001
417.00	-0.0000004	-0.000629	0.105186	-0.000001
418.00	0.0000005	-0.002378	0.105196	-0.000001
419.00	0.0000005	-0.000203	0.105206	-0.000001
420.00	0.0000000	-0.000511	0.105217	-0.000001
421.00	-0.0000004	-0.000770	0.105227	-0.000001
422.00	0.0000000	-0.000780	0.105237	-0.000001
423.00	0.0000005	0.001047	0.105248	-0.000001
424.00	0.0000005	0.000043	0.105258	-0.000001
425.00	0.0000002	0.001771	0.105269	-0.000001
426.00	-0.0000002	0.000321	0.105279	-0.000001
427.00	-0.0000001	-0.001577	0.105289	-0.000001
428.00	0.0000003	-0.002382	0.105300	-0.000001
429.00	0.0000005	-0.002144	0.105310	-0.000001
430.00	0.0000003	-0.001211	0.105320	-0.000001
431.00	-0.0000005	-0.002314	0.105331	-0.000001
432.00	0.0000000	0.000258	0.105341	-0.000001
433.00	0.0000003	-0.000447	0.105352	-0.000001
434.00	0.0000005	-0.001004	0.105362	-0.000001
435.00	0.0000005	-0.000369	0.105372	-0.000001
436.00	0.0000000	-0.003906	0.105383	-0.000001
437.00	0.0000005	-0.001482	0.105393	-0.000001
438.00	0.0000005	-0.000648	0.105404	-0.000001
439.00	0.0000005	-0.002348	0.105414	-0.000001
440.00	0.0000004	-0.002706	0.105424	-0.000001
441.00	0.0000000	-0.003461	0.105435	-0.000001
442.00	-0.0000004	-0.001932	0.105445	-0.000001
443.00	0.0000000	-0.001892	0.105455	-0.000001
444.00	0.0000004	-0.001505	0.105466	-0.000001
445.00	-0.0000002	-0.000622	0.105476	-0.000001
446.00	0.0000000	-0.001178	0.105487	-0.000001
447.00	-0.0000004	-0.000940	0.105497	-0.000001
448.00	0.0000001	-0.002342	0.105507	-0.000001
449.00	0.0000006	-0.002004	0.105518	-0.000001
450.00	0.0000003	-0.002859	0.105528	-0.000001
451.00	-0.0000004	0.001800	0.105538	-0.000001
452.00	-0.0000003	-0.001588	0.105549	-0.000001
453.00	0.0000001	0.000239	0.105559	-0.000001
454.00	0.0000004	-0.001162	0.105569	-0.000001
455.00	0.0000003	-0.002613	0.105580	-0.000001
456.00	-0.0000001	-0.001928	0.105590	-0.000001
457.00	-0.0000004	-0.001640	0.105601	-0.000001
458.00	0.0000001	-0.001700	0.105611	-0.000001
459.00	0.0000006	-0.002257	0.105621	-0.000001
460.00	0.0000005	-0.001572	0.105632	-0.000001
461.00	0.0000001	-0.004066	0.105642	-0.000001
462.00	-0.0000005	-0.000301	0.105652	-0.000001
463.00	0.0000002	-0.001802	0.105663	-0.000001
464.00	0.0000009	-0.001216	0.105673	-0.000001
465.00	0.0000016	-0.004505	0.105684	-0.000001
466.00	0.0000026	-0.001485	0.105694	-0.000001
467.00	0.0000056	-0.000999	0.105704	-0.000001
468.00	0.0000079	-0.003592	0.105715	-0.000001
469.00	0.0000056	-0.003106	0.105725	-0.000001
470.00	0.0000026	-0.004457	0.105736	-0.000001
471.00	0.0000011	-0.002829	0.105746	-0.000001
472.00	0.0000001	-0.003286	0.105756	-0.000001
473.00	0.0000001	-0.003992	0.105767	-0.000001
474.00	0.0000006	-0.004300	0.105777	-0.000001
475.00	0.0000006	-0.004062	0.105787	-0.000001
476.00	0.0000002	-0.002433	0.105798	-0.000001
477.00	-0.0000002	0.000089	0.105808	-0.000001
478.00	-0.0000002	-0.002106	0.105819	-0.000001
479.00	0.0000002	-0.002216	0.105829	-0.000001
480.00	0.0000006	-0.002723	0.105839	-0.000001
481.00	0.0000006	-0.001393	0.105850	-0.000001
482.00	0.0000001	-0.002198	0.105860	-0.000001
483.00	-0.0000002	0.000226	0.105870	-0.000001
484.00	0.0000001	-0.001175	0.105881	-0.000001
485.00	0.0000006	-0.002378	0.105891	-0.000001
486.00	0.0000007	-0.002438	0.105902	-0.000001
487.00	0.0000008	-0.004683	0.105912	-0.000001
488.00	0.0000006	0.000869	0.105922	-0.000001
489.00	0.0000014	-0.004406	0.105933	-0.000001
490.00	0.0000027	0.000054	0.105943	-0.000001
491.00	0.0000041	-0.000342	0.105942	-0.000001
492.00	0.0000044	0.000820	0.105922	-0.000001
493.00	0.0000041	-0.001893	0.105903	-0.000001
494.00	0.0000041	0.001008	0.105883	-0.000001
495.00	0.0000036	-0.002152	0.105864	-0.000001
496.00	0.0000028	-0.001437	0.105844	-0.000001
497.00	0.0000019	0.000818	0.105825	-0.000001
498.00	0.0000010	-0.000603	0.105805	-0.000001
499.00	0.0000010	0.002397	0.105785	-0.000001
500.00	0.0000013	-0.001954	0.105766	-0.000001
501.00	0.0000015	-0.001885	0.105746	-0.000001
502.00	0.0000015	-0.002809	0.105727	-0.000001
503.00	0.0000010	-0.002442	0.105707	-0.000001
504.00	0.0000005	-0.001975	0.105687	-0.000001
505.00	0.0000008	0.000627	0.105668	-0.000001
506.00	0.0000010	0.000895	0.105648	-0.000001
507.00	0.0000015	0.000468	0.105629	-0.000001
508.00	0.0000013	-0.001102	0.105609	-0.000001
509.00	0.0000014	0.000556	0.105589	-0.000001
510.00	0.0000018	-0.001560	0.105570	-0.000001
511.00	0.0000030	0.000496	0.105550	-0.000001
512.00	0.0000045	-0.001968	0.105531	-0.000001
513.00	0.0000055	-0.002842	0.105511	-0.000001
514.00	0.0000056	-0.000289	0.105491	-0.000001
515.00	0.0000054	-0.000617	0.105472	-0.000001
516.00	0.0000056	-0.004323	0.105452	-0.000001
517.00	0.0000059	-0.001125	0.105433	-0.000001
518.00	0.0000059	-0.001453	0.105413	-0.000001
519.00	0.0000059	-0.000638	0.105394	-0.000001
520.00	0.0000054	-0.001215	0.105374	-0.000001
521.00	0.0000054	-0.001940	0.105354	-0.000001
522.00	0.0000062	-0.002318	0.105335	-0.000001
523.00	0.0000059	-0.002298	0.105315	-0.000001
524.00	0.0000054	0.001099	0.105296	-0.000001
525.00	0.0000046	-0.000570	0.105276	-0.000001
526.00	0.0000039	0.001784	0.105256	-0.000001
527.00	0.0000036	-0.001227	0.105237	-0.000001
528.00	0.0000035	-0.000909	0.105217	-0.000001
529.00	0.0000033	-0.000889	0.105198	-0.000001
530.00	0.0000029	0.001514	0.105178	-0.000001
531.00	0.0000024	-0.003334	0.105159	-0.000001
532.00	0.0000025	-0.001874	0.105139	-0.000001
533.00	0.0000032	0.000033	0.105120	-0.000001
534.00	0.0000034	0.001096	0.105100	-0.000001
535.00	0.0000034	0.000966	0.105080	-0.000001
536.00	0.0000033	0.001433	0.105061	-0.000001
537.00	0.0000038	-0.001031	0.105041	-0.000001
538.00	0.0000048	-0.001061	0.105022	-0.000001
539.00	0.0000058	-0.000545	0.105002	-0.000001
540.00	0.0000067	-0.001022	0.104982	-0.000001
541.00	0.0000074	0.000984	0.104963	-0.000001
542.00	0.0000093	-0.000933	0.104943	-0.000001
543.00	0.0000117	-0.000218	0.104924	-0.000001
544.00	0.0000163	0.000497	0.104904	-0.000001
545.00	0.0000212	-0.001868	0.104885	-0.000001
546.00	0.0000280	-0.000209	0.104865	-0.000001
547.00	0.0000387	0.003585	0.104845	-0.000001
548.00	0.0000546	0.002264	0.104826	-0.000001
549.00	0.0000786	-0.000200	0.104806	-0.000001
550.00	0.0001140	0.000515	0.104787	-0.000001
551.00	0.0001659	-0.000161	0.104767	-0.000001
552.00	0.0002487	0.000455	0.104747	-0.000001
553.00	0.0003732	0.000623	0.104728	-0.000001
554.00	0.0005758	-0.002238	0.104708	-0.000001
555.00	0.0008975	-0.003708	0.104689	-0.000001
556.00	0.0013961	-0.001752	0.104669	-0.000001
557.00	0.0022105	-0.002924	0.104649	-0.000001
558.00	0.0034878	-0.001663	0.104630	-0.000001
559.00	0.0055611	-0.002289	0.104610	-0.000001
560.00	0.0088727	0.035435	0.104587	-0.000001
561.00	0.0141244	0.000287	0.104567	-0.000001
562.00	0.0220538	-0.000438	0.104548	-0.000001
563.00	0.0339549	-0.001015	0.104528	-0.000001
564.00	0.0498487	0.000147	0.104508	-0.000001
565.00	0.0684875	0.000962	0.104489	-0.000001
566.00	0.0872296	-0.000459	0.104469	-0.000001
567.00	0.1051351	0.033787	0.104446	-0.000001
568.00	0.1215415	-0.001111	0.104426	-0.000001
569.00	0.1360673	-0.000645	0.104407	-0.000001
570.00	0.1487167	-0.002562	0.104387	-0.000001
571.00	0.1589541	-0.000854	0.104367	-0.000001
572.00	0.1664277	-0.001977	0.104348	-0.000001
573.00	0.1711870	0.001519	0.104329	-0.000001
574.00	0.1735791	-0.000398	0.104309	-0.000001
575.00	0.1747069	0.000267	0.104289	-0.000001
576.00	0.1753762	-0.001303	0.104270	-0.000001
577.00	0.1763925	-0.000339	0.104250	-0.000001
578.00	0.1780384	0.000376	0.104231	-0.000001
579.00	0.1801206	-0.000002	0.104211	-0.000001
580.00	0.1824209	0.002004	0.104191	-0.000001
581.00	0.1846717	0.001279	0.104172	-0.000001
582.00	0.1867043	0.001100	0.104152	-0.000001
583.00	0.1881296	-0.000967	0.104133	-0.000001
584.00	0.1891707	-0.002437	0.104113	-0.000001
585.00	0.1898177	-0.001126	0.104093	-0.000001
586.00	0.1903035	0.000781	0.104074	-0.000001
587.00	0.1905514	0.001645	0.104054	-0.000001
588.00	0.1907100	-0.003601	0.104035	-0.000001
589.00	0.1908290	0.002677	0.104015	-0.000001
590.00	0.1908687	-0.001128	0.103995	-0.000001
591.00	0.1906827	-0.002102	0.103976	-0.000001
592.00	0.1904472	0.000451	0.103956	-0.000001
593.00	0.1901994	-0.000970	0.103937	-0.000001
594.00	0.1898399	0.000093	0.103917	-0.000001
595.00	0.1896491	0.000212	0.103898	-0.000001
596.00	0.1897085	-0.002053	0.103878	-0.000001
597.00	0.1900357	-0.001934	0.103858	-0.000001
598.00	0.1905216	-0.001716	0.103839	-0.000001
599.00	0.1912032	-0.003485	0.103819	-0.000001
600.00	0.1918849	-0.000534	0.103800	-0.000001
601.00	0.1926905	-0.001955	0.103780	-0.000001
602.00	0.1931987	0.002336	0.103760	-0.000001
603.00	0.1936696	0.001561	0.103741	-0.000001
604.00	0.1937737	0.001431	0.103721	-0.000001
605.00	0.1938134	-0.004162	0.103702	-0.000001
606.00	0.1937836	-0.000616	0.103682	-0.000000
607.00	0.1937440	-0.001440	0.103662	-0.000000
608.00	0.1938183	0.001659	0.103643	-0.000000
609.00	0.1940910	-0.001501	0.103623	-0.000000
610.00	0.1945868	-0.000935	0.103604	-0.000000
611.00	0.1952065	0.000674	0.103584	-0.000000
612.00	0.1958757	-0.001442	0.103564	-0.000000
613.00	0.1965301	0.000316	0.103545	-0.000000
614.00	0.1970358	0.000286	0.103525	-0.000000
615.00	0.1973828	0.001746	0.103506	-0.000000
616.00	0.1976109	0.000027	0.103486	-0.000000
617.00	0.1975985	-0.001692	0.103467	-0.000000
618.00	0.1974250	0.002699	0.103447	-0.000000
619.00	0.1971647	0.001377	0.103428	-0.000000
620.00	0.1969912	0.000900	0.103408	-0.000000
621.00	0.1967804	0.001118	0.103389	-0.000000
622.00	0.1966193	-0.000501	0.103369	-0.000000
623.00	0.1965896	0.003343	0.103349	-0.000000
624.00	0.1965400	0.000829	0.103330	-0.000000
625.00	0.1963913	-0.001237	0.103310	-0.000000
626.00	0.1962971	0.000720	0.103291	-0.000000
627.00	0.1960987	0.000739	0.103271	-0.000000
628.00	0.1957145	-0.000731	0.103251	-0.000000
629.00	0.1952683	0.000778	0.103232	-0.000000
630.00	0.1947726	-0.000493	0.103212	-0.000000
631.00	0.1942892	-0.001666	0.103193	-0.000000
632.00	0.1939422	0.002029	0.103173	-0.000000
633.00	0.1936050	-0.001428	0.103153	-0.000000
634.00	0.1935059	-0.000862	0.103134	-0.000000
635.00	0.1935158	0.001442	0.103114	-0.000000
636.00	0.1937562	0.000419	0.103095	-0.000000
637.00	0.1939793	0.001630	0.103075	-0.000000
638.00	0.1942520	0.002743	0.103055	-0.000000
639.00	0.1944751	-0.000466	0.103036	-0.000000
640.00	0.1945742	0.003179	0.103016	-0.000000
641.00	0.1946064	0.000566	0.102997	-0.000000
642.00	0.1944577	-0.001947	0.102977	-0.000000
643.00	0.1941999	0.000953	0.102958	-0.000000
644.00	0.1939223	0.001619	0.102938	-0.000000
645.00	0.1935455	-0.001392	0.102918	-0.000000
646.00	0.1931613	-0.001322	0.102899	-0.000000
647.00	0.1928142	0.001131	0.102879	-0.000000
648.00	0.1925044	0.001101	0.102860	-0.000000
649.00	0.1921970	0.001816	0.102840	-0.000000
650.00	0.1918797	0.004816	0.102820	-0.000000
651.00	0.1915525	0.001656	0.102801	-0.000000
652.00	0.1911261	0.002471	0.102781	-0.000000
653.00	0.1905907	0.004576	0.102762	-0.000000
654.00	0.1899760	0.000871	0.102742	-0.000000
655.00	0.1892819	0.003424	0.102722	-0.000000
656.00	0.1885258	-0.000083	0.102703	-0.000000
657.00	0.1879185	0.001277	0.102684	-0.000000
658.00	0.1872616	-0.000343	0.102664	-0.000000
659.00	0.1867287	0.001862	0.102644	-0.000000
660.00	0.1862974	0.000740	0.102625	-0.000000
661.00	0.1860098	0.001256	0.102605	-0.000000
662.00	0.1858314	0.001474	0.102586	-0.000000
663.00	0.1857421	0.000451	0.102566	-0.000000
664.00	0.1856256	0.000967	0.102546	-0.000000
665.00	0.1855512	0.002278	0.102527	-0.000000
666.00	0.1854769	0.001155	0.102507	-0.000000
667.00	0.1852414	0.000430	0.102488	-0.000000
668.00	0.1848200	0.002784	0.102468	-0.000000
669.00	0.1842251	0.004194	0.102448	-0.000000
670.00	0.1834814	0.003121	0.102429	-0.000000
671.00	0.1824700	0.001601	0.102409	-0.000000
672.00	0.1812108	0.002663	0.102390	-0.000000
673.00	0.1798252	0.003577	0.102370	-0.000000
674.00	0.1801226	0.003845	0.102351	-0.000000
675.00	0.1810026	0.005106	0.102331	-0.000000
676.00	0.1829484	0.005424	0.102311	-0.000000
677.00	0.1846836	0.001122	0.102292	-0.000000
678.00	0.1858313	0.000695	0.102272	-0.000000
679.00	0.1866443	0.003297	0.102253	-0.000000
680.00	0.1871896	0.001876	0.102233	-0.000000
681.00	0.1874276	0.002542	0.102213	-0.000000
682.00	0.1874598	0.002512	0.102194	-0.000000
683.00	0.1871500	-0.000995	0.102174	-0.000000
684.00	0.1863196	0.001309	0.102155	-0.000000
685.00	0.1845596	0.003018	0.102135	-0.000000
686.00	0.1813867	0.000504	0.102115	-0.000000
687.00	0.1756285	-0.000619	0.102096	-0.000000
688.00	0.1667048	0.001686	0.102076	-0.000000
689.00	0.1534878	0.000016	0.102057	-0.000000
690.00	0.1366567	0.001079	0.102037	-0.000000
691.00	0.1148184	0.002191	0.102017	-0.000000
692.00	0.0925711	0.002261	0.101998	-0.000000
693.00	0.0709931	0.004118	0.101978	-0.000000
694.00	0.0530656	0.036080	0.101955	-0.000000
695.00	0.0383455	0.001429	0.101935	-0.000000
696.00	0.0273604	0.002641	0.101916	-0.000000
697.00	0.0191917	0.004250	0.101896	-0.000000
698.00	0.0134500	0.002928	0.101876	-0.000000
699.00	0.0093925	0.002675	0.101832	-0.000000
700.00	0.0065232	0.001728	0.101885	-0.000000
701.00	0.0046775	0.037119	0.101909	-0.000000
702.00	0.0033260	0.002031	0.101930	-0.000000
703.00	0.0024092	0.003550	0.101950	-0.000000
704.00	0.0017434	0.003282	0.101970	-0.000000
705.00	0.0012862	0.000927	0.101991	-0.000000
706.00	0.0009479	0.001701	0.102011	-0.000000
707.00	0.0007099	0.003916	0.102031	-0.000000
708.00	0.0005314	0.004243	0.102052	-0.000000
709.00	0.0003996	0.002485	0.102072	-0.000000
710.00	0.0003067	0.004898	0.102092	-0.000000
711.00	0.0002353	0.001600	0.102113	-0.000000
712.00	0.0001831	0.003268	0.102133	-0.000000
713.00	0.0001432	0.003248	0.102153	-0.000000
714.00	0.0001123	0.005314	0.102174	-0.000000
715.00	0.0000883	0.004151	0.102194	-0.000000
716.00	0.0000699	0.005074	0.102214	-0.000000
717.00	0.0000567	0.002223	0.102235	-0.000000
718.00	0.0000458	0.003742	0.102255	-0.000000
719.00	0.0000370	0.004218	0.102275	-0.000000
720.00	0.0000298	0.006334	0.102296	-0.000000
721.00	0.0000241	0.002986	0.102316	-0.000000
722.00	0.0000201	0.002916	0.102336	-0.000000
723.00	0.0000171	0.005677	0.102357	-0.000000
724.00	0.0000141	0.005656	0.102377	-0.000000
725.00	0.0000114	0.005537	0.102397	-0.000000
726.00	0.0000092	0.004722	0.102418	-0.000000
727.00	0.0000078	0.005794	0.102438	-0.000000
728.00	0.0000068	0.005973	0.102458	-0.000000
729.00	0.0000057	0.004015	0.102479	-0.000000
730.00	0.0000045	0.003150	0.102499	-0.000000
731.00	0.0000033	0.004223	0.102519	-0.000000
732.00	0.0000029	0.003656	0.102540	-0.000000
733.00	0.0000027	0.001500	0.102560	-0.000000
734.00	0.0000022	0.004211	0.102580	-0.000000
735.00	0.0000014	0.004638	0.102600	-0.000000
736.00	0.0000007	0.002780	0.102621	-0.000000
737.00	0.0000008	0.001220	0.102641	-0.000000
738.00	0.0000008	0.003932	0.102661	-0.000000
739.00	0.0000008	0.005103	0.102682	-0.000000
740.00	0.0000003	0.005381	0.102702	-0.000000
741.00	-0.0000002	0.005559	0.102722	-0.000000
742.00	-0.0000001	0.004297	0.102743	-0.000000
743.00	0.0000003	0.004128	0.102763	-0.000000
744.00	0.0000001	0.003661	0.102783	-0.000000
745.00	-0.0000007	0.005230	0.102804	-0.000000
746.00	-0.0000007	0.006153	0.102824	-0.000000
747.00	-0.0000002	0.003798	0.102844	-0.000000
748.00	-0.0000002	0.001245	0.102865	-0.000000
749.00	-0.0000002	0.003857	0.102885	-0.000000
750.00	-0.0000007	0.003241	0.102905	-0.000000
751.00	-0.0000007	0.006201	0.102926	-0.000000
752.00	-0.0000003	0.003399	0.102946	-0.000000
753.00	-0.0000001	0.006806	0.102966	-0.000000
754.00	-0.0000002	0.004103	0.102987	-0.000000
755.00	-0.0000006	0.004232	0.103007	-0.000000
756.00	-0.0000006	0.002721	0.103027	-0.000000
757.00	-0.0000001	0.003297	0.103048	-0.000000
758.00	-0.0000001	-0.000349	0.103068	-0.000000
759.00	-0.0000005	0.002164	0.103088	-0.000000
760.00	-0.0000006	0.001845	0.103109	-0.000000
761.00	-0.0000006	0.003911	0.103129	-0.000000
762.00	-0.0000001	0.002103	0.103149	-0.000000
763.00	-0.0000001	0.000592	0.103170	-0.000000
764.00	-0.0000004	0.000472	0.103190	-0.000000
765.00	-0.0000006	0.002240	0.103210	-0.000000
766.00	-0.0000004	0.001028	0.103231	-0.000000
767.00	-0.0000001	0.001703	0.103251	-0.000000
768.00	0.0000002	0.003272	0.103271	-0.000000
769.00	-0.0000005	0.000768	0.103292	-0.000000
770.00	-0.0000005	0.000797	0.103312	-0.000000
771.00	-0.0000005	0.001721	0.103332	-0.000000
772.00	-0.0000000	0.001949	0.103353	-0.000000
773.00	-0.0000001	-0.000754	0.103373	-0.000000
774.00	-0.0000006	-0.000973	0.103393	-0.000000
775.00	-0.0000009	0.002683	0.103414	-0.000000
776.00	-0.0000005	0.003407	0.103434	-0.000000
777.00	-0.0000000	0.003735	0.103454	-0.000000
778.00	-0.0000001	0.000287	0.103475	-0.000001
779.00	-0.0000005	0.004737	0.103495	-0.000001
780.00	-0.0000010	-0.001094	0.103515	-0.000001
781.00	-0.0000005	-0.001512	0.103535	-0.000001
782.00	0.0000000	0.002441	0.103556	-0.000001
783.00	-0.0000002	0.002570	0.103576	-0.000001
784.00	-0.0000005	0.003891	0.103596	-0.000001
785.00	-0.0000009	0.001138	0.103617	-0.000001
786.00	-0.0000004	-0.000223	0.103637	-0.000001
787.00	0.0000001	0.001445	0.103657	-0.000001
788.00	-0.0000001	-0.000363	0.103678	-0.000001
789.00	-0.0000004	0.003988	0.103698	-0.000001
790.00	-0.0000008	0.000739	0.103718	-0.000001
791.00	-0.0000004	-0.001169	0.103739	-0.000001
792.00	0.0000001	0.000201	0.103759	-0.000001
793.00	0.0000001	0.000628	0.103779	-0.000001
794.00	-0.0000005	0.002446	0.103800	-0.000001
795.00	-0.0000013	0.001829	0.103820	-0.000001
796.00	-0.0000003	0.002703	0.103840	-0.000001
797.00	0.0000001	0.003328	0.103861	-0.000001
798.00	0.0000001	0.003805	0.103881	-0.000001
799.00	0.0000000	-0.000388	0.103901	-0.000001
800.00	-0.0000002	0.001131	0.103922	-0.000001
801.00	0.0000001	0.000614	0.103942	-0.000001
802.00	0.0000002	0.001836	0.103962	-0.000001
803.00	0.0000002	0.000921	0.103983	-0.000001
804.00	-0.0000003	-0.003271	0.104003	-0.000001
805.00	-0.0000007	0.001824	0.104023	-0.000001
806.00	-0.0000003	-0.002120	0.104044	-0.000001
807.00	0.0000002	0.001287	0.104064	-0.000001
808.00	-0.0000000	0.000323	0.104084	-0.000001
809.00	-0.0000004	-0.001883	0.104105	-0.000001
810.00	-0.0000008	-0.000661	0.104125	-0.000001
811.00	-0.0000003	0.002000	0.104146	-0.000001
812.00	0.0000002	-0.001000	0.104166	-0.000001
813.00	0.0000001	-0.001666	0.104186	-0.000001
814.00	-0.0000004	-0.000544	0.104207	-0.000001
815.00	-0.0000008	0.001224	0.104227	-0.000001
816.00	-0.0000003	0.000955	0.104247	-0.000001
817.00	0.0000002	-0.002691	0.104268	-0.000001
818.00	-0.0000005	0.002951	0.104288	-0.000001
819.00	-0.0000002	0.003229	0.104308	-0.000001
820.00	-0.0000007	0.000774	0.104329	-0.000001
821.00	-0.0000002	0.001102	0.104349	-0.000001
822.00	0.0000003	-0.000359	0.104369	-0.000001
823.00	0.0000003	0.001012	0.104389	-0.000001
824.00	-0.0000001	0.001041	0.104410	-0.000001
825.00	-0.0000002	0.000623	0.104430	-0.000001
826.00	0.0000003	-0.000688	0.104450	-0.000001
827.00	0.0000018	-0.000311	0.104471	-0.000001
828.00	0.0000033	-0.001424	0.104491	-0.000001
829.00	0.0000014	0.001337	0.104511	-0.000001
830.00	0.0000003	0.002061	0.104532	-0.000001
831.00	0.0000001	-0.000542	0.104552	-0.000001
832.00	0.0000003	0.000630	0.104572	-0.000001
833.00	0.0000003	0.000113	0.104593	-0.000001
834.00	0.0000000	-0.000007	0.104613	-0.000001
835.00	-0.0000002	0.002605	0.104633	-0.000001
836.00	-0.0000001	-0.000445	0.104654	-0.000001
837.00	0.0000003	0.001720	0.104674	-0.000001
838.00	0.0000004	-0.000138	0.104694	-0.000001
839.00	-0.0000000	0.001133	0.104715	-0.000001
840.00	-0.0000004	-0.002116	0.104735	-0.000001
841.00	-0.0000006	-0.000248	0.104755	-0.000001
842.00	0.0000000	0.000029	0.104776	-0.000001
843.00	0.0000004	0.001052	0.104796	-0.000001
844.00	-0.0000003	-0.001253	0.104816	-0.000001
845.00	-0.0000001	0.001458	0.104837	-0.000001
846.00	-0.0000006	-0.000996	0.104857	-0.000001
847.00	-0.0000001	-0.004245	0.104877	-0.000001
848.00	0.0000004	-0.000341	0.104898	-0.000001
849.00	0.0000004	-0.001107	0.104918	-0.000001
850.00	-0.0000001	0.000761	0.104938	-0.000001
851.00	-0.0000002	0.001088	0.104959	-0.000001
852.00	-0.0000000	0.000621	0.104979	-0.000001
853.00	0.0000005	0.000600	0.104999	-0.000001
854.00	0.0000005	-0.003990	0.105020	-0.000001
855.00	0.0000006	0.002298	0.105040	-0.000001
856.00	0.0000015	0.000639	0.105060	-0.000001
857.00	0.0000025	0.002953	0.105081	-0.000001
858.00	0.0000014	-0.002780	0.105101	-0.000001
859.00	0.0000001	0.001025	0.105121	-0.000001
860.00	0.0000003	-0.004261	0.105142	-0.000001
861.00	-0.0000002	-0.003039	0.105162	-0.000001
862.00	-0.0000006	-0.002613	0.105182	-0.000001
863.00	0.0000002	0.001043	0.105203	-0.000001
864.00	0.0000005	0.000526	0.105223	-0.000001
865.00	0.0000003	-0.000488	0.105243	-0.000001
866.00	-0.0000001	-0.002694	0.105264	-0.000001
867.00	-0.0000005	-0.003062	0.105284	-0.000001
868.00	0.0000000	-0.000151	0.105304	-0.000001
869.00	0.0000006	-0.002159	0.105324	-0.000001
870.00	0.0000006	0.000106	0.105345	-0.000001
871.00	0.0000001	0.000632	0.105365	-0.000001
872.00	-0.0000004	0.002896	0.105385	-0.000001
873.00	-0.0000000	0.002429	0.105406	-0.000001
874.00	0.0000004	0.001713	0.105426	-0.000001
875.00	0.0000006	-0.000989	0.105446	-0.000001
876.00	0.0000003	0.000431	0.105467	-0.000001
877.00	0.0000001	-0.000732	0.105487	-0.000001
878.00	-0.0000001	-0.000106	0.105507	-0.000001
879.00	0.0000001	0.001959	0.105528	-0.000001
880.00	0.0000006	0.001144	0.105548	-0.000001
881.00	0.0000005	-0.000913	0.105568	-0.000001
882.00	0.0000001	-0.002721	0.105589	-0.000001
883.00	-0.0000003	-0.001549	0.105609	-0.000001
884.00	0.0000001	0.000169	0.105629	-0.000001
885.00	0.0000007	0.000496	0.105650	-0.000001
886.00	0.0000007	-0.002753	0.105670	-0.000001
887.00	0.0000002	0.001399	0.105690	-0.000001
888.00	-0.0000001	-0.000111	0.105711	-0.000001
889.00	0.0000002	0.000564	0.105731	-0.000001
890.00	0.0000004	-0.001791	0.105751	-0.000001
891.00	0.0000007	0.000176	0.105772	-0.000001
892.00	0.0000005	-0.000292	0.105792	-0.000001
893.00	0.0000002	0.001079	0.105812	-0.000001
894.00	0.0000001	0.003293	0.105833	-0.000001
895.00	0.0000003	0.000939	0.105853	-0.000001
896.00	0.0000007	0.001614	0.105873	-0.000001
897.00	0.0000007	0.000650	0.105894	-0.000001
898.00	0.0000002	0.001027	0.105914	-0.000001
899.00	0.0000001	0.001155	0.105934	-0.000001
900.00	0.0000002	0.001632	0.105955	-0.000001
901.00	0.0000005	-0.002213	0.105975	-0.000001
902.00	0.0000008	-0.001042	0.105995	-0.000001
903.00	0.0000005	-0.000267	0.106016	-0.000001
904.00	0.0000001	0.000160	0.106036	-0.000001
905.00	0.0000008	-0.003433	0.106102	-0.000001
906.00	0.0000008	-0.001680	0.106087	-0.000001
907.00	0.0000003	0.001166	0.106072	-0.000001
908.00	-0.0000002	-0.000955	0.106058	-0.000001
909.00	0.0000003	0.000153	0.106043	-0.000001
910.00	0.0000006	0.001707	0.106028	-0.000001
911.00	0.0000008	0.000530	0.106013	-0.000001
912.00	0.0000004	0.001687	0.105999	-0.000001
913.00	0.0000001	0.001354	0.105984	-0.000001
914.00	0.0000003	0.000425	0.105969	-0.000001
915.00	0.0000007	0.002228	0.105954	-0.000001
916.00	0.0000008	-0.000290	0.105940	-0.000001
917.00	0.0000005	-0.000772	0.105925	-0.000001
918.00	0.0000002	0.000037	0.105910	-0.000001
919.00	0.0000002	-0.001289	0.105895	-0.000001
920.00	0.0000006	0.002451	0.105880	-0.000001
921.00	0.0000007	0.002118	0.105866	-0.000001
922.00	0.0000007	0.002083	0.105851	-0.000001
923.00	0.0000002	0.000012	0.105836	-0.000001
924.00	0.0000002	-0.000719	0.105821	-0.000001
925.00	0.0000007	0.001482	0.105807	-0.000001
926.00	0.0000009	-0.000391	0.105792	-0.000001
927.00	0.0000008	-0.001072	0.105777	-0.000001
928.00	0.0000006	0.000533	0.105762	-0.000001
929.00	0.0000007	0.000249	0.105748	-0.000001
930.00	0.0000012	-0.001474	0.105733	-0.000001
931.00	0.0000017	-0.000665	0.105718	-0.000001
932.00	0.0000017	-0.000551	0.105703	-0.000001
933.00	0.0000017	-0.001132	0.105689	-0.000001
934.00	0.0000021	-0.000869	0.105674	-0.000001
935.00	0.0000030	-0.000655	0.105659	-0.000001
936.00	0.0000039	0.000253	0.105644	-0.000001
937.00	0.0000047	-0.001768	0.105629	-0.000001
938.00	0.0000052	-0.000214	0.105615	-0.000001
939.00	0.0000062	-0.000696	0.105600	-0.000001
940.00	0.0000069	0.000461	0.105585	-0.000001
941.00	0.0000072	0.001569	0.105570	-0.000001
942.00	0.0000067	0.000938	0.105556	-0.000001
943.00	0.0000052	-0.001282	0.105541	-0.000001
944.00	0.0000044	0.001713	0.105526	-0.000001
945.00	0.0000040	0.000138	0.105511	-0.000001
946.00	0.0000036	0.000947	0.105497	-0.000001
947.00	0.0000026	0.000068	0.105482	-0.000001
948.00	0.0000016	-0.000613	0.105467	-0.000001
949.00	0.0000016	0.001091	0.105452	-0.000001
950.00	0.0000016	0.000708	0.105438	-0.000001
951.00	0.0000016	0.000127	0.105423	-0.000001
952.00	0.0000013	-0.000703	0.105408	-0.000001
953.00	0.0000006	0.000405	0.105394	-0.000001
954.00	0.0000006	-0.001468	0.105379	-0.000001
955.00	0.0000011	-0.001503	0.105364	-0.000001
956.00	0.0000011	-0.000594	0.105349	-0.000001
957.00	0.0000006	-0.002417	0.105334	-0.000001
958.00	0.0000006	-0.002303	0.105320	-0.000001
959.00	0.0000006	-0.001295	0.105305	-0.000001
960.00	0.0000011	0.000061	0.105290	-0.000001
961.00	0.0000011	0.000026	0.105275	-0.000001
962.00	0.0000006	-0.000009	0.105261	-0.000001
963.00	0.0000002	-0.000640	0.105246	-0.000001
964.00	0.0000007	-0.000824	0.105231	-0.000001
965.00	0.0000011	-0.000312	0.105216	-0.000001
966.00	0.0000011	-0.002284	0.105202	-0.000001
967.00	0.0000002	-0.002120	0.105187	-0.000001
968.00	0.0000006	-0.001957	0.105172	-0.000001
969.00	0.0000008	0.000641	0.105157	-0.000001
970.00	0.0000011	0.000507	0.105143	-0.000001
971.00	0.0000011	0.000074	0.105128	-0.000001
972.00	0.0000006	-0.001053	0.105113	-0.000001
973.00	0.0000005	-0.000939	0.105098	-0.000001
974.00	0.0000008	-0.000825	0.105083	-0.000001
975.00	0.0000011	0.001971	0.105069	-0.000001
976.00	0.0000009	0.003774	0.105054	-0.000001
977.00	0.0000006	-0.000433	0.105039	-0.000001
978.00	0.0000002	-0.001114	0.105024	-0.000001
979.00	0.0000005	0.003024	0.105010	-0.000001
980.00	0.0000010	-0.001630	0.104995	-0.000001
981.00	0.0000005	0.000918	0.104980	-0.000001
982.00	0.0000002	0.001032	0.104965	-0.000001
983.00	0.0000000	0.000649	0.104951	-0.000001
984.00	0.0000005	0.002601	0.104936	-0.000001
985.00	0.0000005	-0.002500	0.104921	-0.000001
986.00	0.0000005	-0.002138	0.104906	-0.000001
987.00	0.0000000	0.001999	0.104892	-0.000001
988.00	0.0000000	-0.000221	0.104877	-0.000001
989.00	0.0000005	-0.001498	0.104862	-0.000001
990.00	0.0000005	-0.000241	0.104847	-0.000001
991.00	-0.0000002	-0.001170	0.104832	-0.000001
992.00	0.0000000	0.003464	0.104818	-0.000001
993.00	0.0000000	-0.000147	0.104803	-0.000001
994.00	0.0000005	0.002351	0.104788	-0.000001
995.00	0.0000005	0.001621	0.104773	-0.000001
996.00	0.0000001	0.000692	0.104759	-0.000001
997.00	-0.0000000	0.002147	0.104744	-0.000001
998.00	-0.0000000	0.001417	0.104729	-0.000001
999.00	0.0000004	0.001779	0.104714	-0.000001
1000.00	0.0000005	0.001496	0.104700	-0.000001
1001.00	0.0000001	0.002057	0.104685	-0.000001
1002.00	-0.0000003	-0.000114	0.104670	-0.000001
1003.00	-0.0000000	-0.001490	0.104656	-0.000001
1004.00	0.0000005	0.000462	0.104641	-0.000001
1005.00	0.0000005	0.000030	0.104626	-0.000001
1006.00	-0.0000000	0.001535	0.104611	-0.000001
1007.00	-0.0000005	0.001003	0.104596	-0.000001
1008.00	-0.0000005	-0.002161	0.104582	-0.000001
1009.00	0.0000005	-0.001600	0.104567	-0.000001
1010.00	0.0000004	-0.001039	0.104552	-0.000001
1011.00	-0.0000001	0.001758	0.104537	-0.000001
1012.00	-0.0000006	0.000183	0.104523	-0.000001
1013.00	-0.0000001	0.002135	0.104508	-0.000001
1014.00	0.0000004	0.000858	0.104493	-0.000001
1015.00	0.0000004	-0.000270	0.104478	-0.000001
1016.00	-0.0000001	0.002179	0.104464	-0.000001
1017.00	-0.0000006	0.000604	0.104449	-0.000001
1018.00	-0.0000002	0.000669	0.104434	-0.000001
1019.00	0.0000002	-0.001204	0.104419	-0.000001
1020.00	0.0000004	-0.000295	0.104405	-0.000001
1021.00	-0.0000001	-0.000082	0.104390	-0.000001
1022.00	-0.0000005	-0.000862	0.104375	-0.000001
1023.00	-0.0000007	-0.000350	0.104360	-0.000001
1024.00	-0.0000001	0.000559	0.104346	-0.000001
1025.00	0.0000004	0.000623	0.104331	-0.000001
1026.00	0.0000001	0.000837	0.104316	-0.000001
1027.00	-0.0000002	-0.000837	0.104301	-0.000001
1028.00	-0.0000006	0.000171	0.104286	-0.000001
1029.00	-0.0000000	-0.000907	0.104272	-0.000001
1030.00	0.0000004	0.002137	0.104257	-0.000001
1031.00	0.0000004	0.000314	0.104242	-0.000001
1032.00	-0.0000001	-0.001757	0.104227	-0.000001
1033.00	-0.0000006	0.000096	0.104213	-0.000001
1034.00	-0.0000001	-0.001529	0.104198	-0.000001
1035.00	0.0000003	0.001168	0.104183	-0.000001
1036.00	0.0000004	0.001431	0.104168	-0.000001
1037.00	-0.0000000	-0.000292	0.104154	-0.000001
1038.00	-0.0000003	-0.000625	0.104139	-0.000001
1039.00	-0.0000003	0.001376	0.104124	-0.000001
1040.00	0.0000002	-0.000149	0.104109	-0.000001
1041.00	0.0000003	0.000412	0.104094	-0.000001
1042.00	0.0000001	-0.000020	0.104080	-0.000001
1043.00	-0.0000004	-0.001644	0.104065	-0.000001
1044.00	-0.0000003	0.000308	0.104050	-0.000001
1045.00	0.0000001	-0.001466	0.104035	-0.000001
1046.00	0.0000003	0.001827	0.104021	-0.000001
1047.00	0.0000001	0.001246	0.104006	-0.000001
1048.00	-0.0000002	0.003397	0.103991	-0.000001
1049.00	-0.0000004	-0.001457	0.103977	-0.000001
1050.00	0.0000002	0.003177	0.103962	-0.000001
1051.00	0.0000003	0.001255	0.103947	-0.000001
1052.00	0.0000002	0.000326	0.103932	-0.000001
1053.00	-0.0000002	0.000639	0.103918	-0.000001
1054.00	-0.0000002	0.001101	0.103903	-0.000001
1055.00	0.0000003	0.002606	0.103888	-0.000001
1056.00	0.0000003	-0.001204	0.103873	-0.000001
1057.00	0.0000001	-0.000097	0.103859	-0.000001
1058.00	-0.0000002	0.003097	0.103844	-0.000001
1059.00	-0.0000002	0.000032	0.103829	-0.000001
1060.00	0.0000003	0.000643	0.103814	-0.000001
1061.00	0.0000004	-0.001031	0.103799	-0.000001
1062.00	0.0000003	0.000623	0.103785	-0.000001
1063.00	0.0000002	0.002128	0.103770	-0.000001
1064.00	0.0000004	0.003881	0.103755	-0.000001
1065.00	0.0000010	0.003647	0.103740	-0.000001
1066.00	0.0000013	-0.001752	0.103726	-0.000001
1067.00	0.0000011	0.001094	0.103711	-0.000001
1068.00	0.0000009	0.002003	0.103696	-0.000001
1069.00	0.0000013	-0.000516	0.103681	-0.000001
1070.00	0.0000015	0.000393	0.103667	-0.000001
1071.00	0.0000012	0.001103	0.103652	-0.000001
1072.00	0.0000007	-0.000918	0.103637	-0.000001
1073.00	0.0000002	0.002226	0.103622	-0.000001
1074.00	0.0000002	0.000005	0.103608	-0.000001
1075.00	0.0000006	0.000765	0.103593	-0.000001
1076.00	0.0000006	0.000680	0.103578	-0.000001
1077.00	0.0000001	-0.000795	0.103563	-0.000001
1078.00	-0.0000003	0.000561	0.103548	-0.000001
1079.00	-0.0000003	0.001519	0.103534	-0.000001
1080.00	0.0000002	0.001087	0.103519	-0.000001
1081.00	0.0000002	-0.002276	0.103504	-0.000001
1082.00	-0.0000002	0.002060	0.103489	-0.000001
1083.00	-0.0000003	0.001430	0.103475	-0.000001
1084.00	-0.0000003	0.000898	0.103460	-0.000001
1085.00	0.0000002	0.002999	0.103445	-0.000001
1086.00	0.0000002	-0.000364	0.103430	-0.000001
1087.00	0.0000001	0.000992	0.103416	-0.000001
1088.00	-0.0000003	0.002099	0.103401	-0.000001
1089.00	-0.0000003	-0.000220	0.103386	-0.000001
1090.00	-0.0000001	0.000788	0.103371	-0.000001
1091.00	0.0000002	-0.000141	0.103357	-0.000001
1092.00	0.0000001	-0.000971	0.103342	-0.000001
1093.00	-0.0000003	0.000236	0.103327	-0.000001
1094.00	-0.0000006	0.002138	0.103312	-0.000001
1095.00	-0.0000003	0.001110	0.103298	-0.000001
1096.00	0.0000002	-0.001756	0.103283	-0.000001
1097.00	0.0000002	-0.001046	0.103268	-0.000001
1098.00	-0.0000007	-0.001975	0.103253	-0.000001
1099.00	-0.0000012	0.000871	0.103239	-0.000001
1100.00	-0.0000003	0.000637	0.103224	-0.000001
1101.00	0.0000002	0.002837	0.103209	-0.000001
1102.00	-0.0000004	0.003303	0.103091	-0.000001
1103.00	-0.0000004	0.000139	0.103076	-0.000001
1104.00	-0.0000003	0.000750	0.103062	-0.000001
1105.00	0.0000001	0.003000	0.103047	-0.000001
1106.00	-0.0000004	0.003258	0.103037	-0.000001
1107.00	0.0000001	0.002688	0.103060	-0.000001
1108.00	0.0000001	0.002218	0.103083	-0.000001
1109.00	-0.0000001	-0.000090	0.103107	-0.000001
1110.00	-0.0000004	-0.002647	0.103130	-0.000001
1111.00	-0.0000003	0.002794	0.103153	-0.000001
1112.00	0.0000002	-0.002246	0.103177	-0.000001
1113.00	0.0000002	0.000512	0.103200	-0.000001
1114.00	0.0000000	0.003519	0.103223	-0.000001
1115.00	-0.0000003	0.000714	0.103247	-0.000001
1116.00	-0.0000003	-0.001694	0.103270	-0.000001
1117.00	0.0000002	0.003548	0.103293	-0.000001
1118.00	0.0000002	0.004171	0.103316	-0.000001
1119.00	0.0000001	0.003800	0.103340	-0.000001
1120.00	-0.0000003	0.003627	0.103363	-0.000001
1121.00	-0.0000003	0.000773	0.103386	-0.000001
1122.00	0.0000002	0.002339	0.103410	-0.000001
1123.00	0.0000002	0.000925	0.103433	-0.000001
1124.00	0.0000002	0.000852	0.103456	-0.000001
1125.00	-0.0000003	-0.001654	0.103479	-0.000001
1126.00	-0.0000003	-0.000883	0.103502	-0.000001
1127.00	0.0000003	0.000336	0.103526	-0.000001
1128.00	0.0000003	0.002349	0.103549	-0.000001
1129.00	0.0000003	0.001332	0.103572	-0.000001
1130.00	-0.0000005	-0.000479	0.103595	-0.000001
1131.00	-0.0000002	0.001385	0.103619	-0.000001
1132.00	0.0000003	0.002504	0.103642	-0.000001
1133.00	0.0000004	0.001686	0.103665	-0.000001
1134.00	0.0000004	0.001116	0.103689	-0.000001
1135.00	0.0000002	0.002235	0.103712	-0.000001
1136.00	-0.0000002	0.001666	0.103735	-0.000001
1137.00	0.0000003	0.000798	0.103759	-0.000001
1138.00	0.0000008	0.001371	0.103782	-0.000001
1139.00	0.0000007	0.001496	0.103805	-0.000001
1140.00	0.0000003	0.002765	0.103828	-0.000001
1141.00	-0.0000000	0.002195	0.103852	-0.000001
1142.00	0.0000003	0.003562	0.103875	-0.000001
1143.00	0.0000009	0.001602	0.103898	-0.000001
1144.00	0.0000009	0.002771	0.103922	-0.000001
1145.00	0.0000008	0.002747	0.103945	-0.000001
1146.00	0.0000004	0.002128	0.103968	-0.000001
1147.00	0.0000004	0.001608	0.103991	-0.000001
1148.00	0.0000009	0.003075	0.104015	-0.000001
1149.00	0.0000013	0.002356	0.104038	-0.000001
1150.00	0.0000011	0.002730	0.104061	-0.000001
1151.00	0.0000009	0.002111	0.104085	-0.000001
1152.00	0.0000009	-0.001687	0.104108	-0.000001
1153.00	0.0000014	0.001319	0.104131	-0.000001
1154.00	0.0000019	0.003333	0.104154	-0.000001
1155.00	0.0000017	0.001720	0.104178	-0.000001
1156.00	0.0000014	0.000703	0.104201	-0.000001
1157.00	0.0000014	-0.001307	0.104224	-0.000001
1158.00	0.0000021	0.001104	0.104248	-0.000001
1159.00	0.0000026	0.001329	0.104271	-0.000001
1160.00	0.0000030	0.000163	0.104294	-0.000001
1161.00	0.0000027	-0.000059	0.104318	-0.000001
1162.00	0.0000030	-0.000579	0.104341	-0.000001
1163.00	0.0000040	0.000490	0.104364	-0.000001
1164.00	0.0000050	0.005534	0.104387	-0.000001
1165.00	0.0000052	0.002381	0.104411	-0.000001
1166.00	0.0000062	0.003203	0.104434	-0.000001
1167.00	0.0000075	0.002285	0.104457	-0.000001
1168.00	0.0000093	0.002510	0.104480	-0.000001
1169.00	0.0000120	0.000500	0.104503	-0.000001
1170.00	0.0000150	0.000974	0.104527	-0.000001
1171.00	0.0000185	-0.000192	0.104550	-0.000001
1172.00	0.0000240	-0.001110	0.104573	-0.000001
1173.00	0.0000318	0.002195	0.104597	-0.000001
1174.00	0.0000424	0.001377	0.104620	-0.000001
1175.00	0.0000539	-0.000534	0.104643	-0.000001
1176.00	0.0000628	0.001330	0.104666	-0.000001
1177.00	0.0000644	-0.000133	0.104690	-0.000001
1178.00	0.0000578	0.000589	0.104713	-0.000001
1179.00	0.0000455	0.001658	0.104736	-0.000001
1180.00	0.0000344	0.002330	0.104760	-0.000001
1181.00	0.0000253	0.000072	0.104783	-0.000001
1182.00	0.0000189	-0.000945	0.104806	-0.000001
1183.00	0.0000153	-0.001217	0.104829	-0.000001
1184.00	0.0000131	-0.001091	0.104853	-0.000001
1185.00	0.0000111	-0.000667	0.104876	-0.000001
1186.00	0.0000095	-0.000939	0.104899	-0.000001
1187.00	0.0000081	0.001223	0.104923	-0.000001
1188.00	0.0000071	-0.000985	0.104946	-0.000001
1189.00	0.0000071	-0.000810	0.104969	-0.000001
1190.00	0.0000066	0.001749	0.104993	-0.000001
1191.00	0.0000061	0.000087	0.105016	-0.000001
1192.00	0.0000056	0.002547	0.105039	-0.000001
1193.00	0.0000050	-0.000854	0.105062	-0.000001
1194.00	0.0000057	0.001706	0.105086	-0.000001
1195.00	0.0000058	0.000093	0.105109	-0.000001
1196.00	0.0000057	-0.000576	0.105132	-0.000001
1197.00	0.0000057	-0.000996	0.105156	-0.000001
1198.00	0.0000052	-0.001616	0.105179	-0.000001
1199.00	0.0000058	0.002533	0.105202	-0.000001
1200.00	0.0000064	-0.001116	0.105225	-0.000001
