Bentham+Kilukarp+B487 datafile
2024-11-16 16:14:50
Slits: 1.000
Avg: 3
Comment: Rc full slot 0_3 (Cousins R)

00:00:03	-0.000001	0.105898	24.2	-1.5	4.3
00:03:08	-0.000001	0.104507	24.2	-1.5	4.3
00:06:14	0.000000	0.103464	24.2	-1.5	4.3
00:09:19	-0.000001	0.105302	24.2	-1.5	4.3
00:12:24	-0.000001	0.104805	24.2	-1.5	4.3
00:13:52	-0.000000	0.104209	24.2	-1.5	4.3

nm	b487	kilu
300.00	-0.0000009	-0.002951	0.105819	-0.000001
301.00	-0.0000004	-0.001504	0.105812	-0.000001
302.00	0.0000001	-0.001001	0.105806	-0.000001
303.00	-0.0000003	-0.000399	0.105799	-0.000001
304.00	-0.0000006	-0.001833	0.105793	-0.000001
305.00	-0.0000007	-0.000833	0.105787	-0.000001
306.00	-0.0000004	-0.000826	0.105780	-0.000001
307.00	0.0000001	0.000223	0.105774	-0.000001
308.00	-0.0000003	0.000677	0.105767	-0.000001
309.00	-0.0000007	-0.002744	0.105761	-0.000001
310.00	-0.0000007	-0.000155	0.105754	-0.000001
311.00	0.0000001	-0.003832	0.105706	-0.000001
312.00	-0.0000003	-0.000796	0.105700	-0.000001
313.00	-0.0000008	-0.002280	0.105694	-0.000001
314.00	-0.0000004	-0.003416	0.105687	-0.000001
315.00	0.0000002	-0.000031	0.105681	-0.000001
316.00	0.0000002	-0.003303	0.105674	-0.000001
317.00	-0.0000003	-0.003992	0.105668	-0.000001
318.00	-0.0000008	-0.001155	0.105661	-0.000001
319.00	-0.0000005	0.000193	0.105655	-0.000001
320.00	-0.0000001	0.000796	0.105648	-0.000001
321.00	0.0000002	0.000554	0.105642	-0.000001
322.00	-0.0000003	0.000113	0.105635	-0.000001
323.00	-0.0000008	-0.000178	0.105629	-0.000001
324.00	-0.0000007	-0.000222	0.105623	-0.000001
325.00	-0.0000001	-0.002351	0.105616	-0.000001
326.00	0.0000002	-0.003139	0.105610	-0.000001
327.00	-0.0000003	-0.002785	0.105603	-0.000001
328.00	-0.0000006	-0.002133	0.105597	-0.000001
329.00	-0.0000006	0.000009	0.105590	-0.000001
330.00	-0.0000003	-0.002021	0.105584	-0.000001
331.00	0.0000002	-0.001816	0.105577	-0.000001
332.00	0.0000001	-0.001064	0.105571	-0.000001
333.00	-0.0000004	0.001277	0.105564	-0.000001
334.00	-0.0000008	0.000042	0.105558	-0.000001
335.00	-0.0000003	0.000892	0.105552	-0.000001
336.00	0.0000001	0.000353	0.105545	-0.000001
337.00	0.0000002	-0.002671	0.105539	-0.000001
338.00	-0.0000003	0.000713	0.105532	-0.000001
339.00	-0.0000007	-0.000572	0.105526	-0.000001
340.00	-0.0000006	0.000130	0.105519	-0.000001
341.00	-0.0000003	0.000832	0.105513	-0.000001
342.00	0.0000002	0.002577	0.105506	-0.000001
343.00	-0.0000000	-0.001837	0.105500	-0.000001
344.00	-0.0000003	0.000553	0.105493	-0.000001
345.00	-0.0000008	-0.000533	0.105487	-0.000001
346.00	-0.0000009	0.000218	0.105480	-0.000001
347.00	0.0000000	0.000324	0.105474	-0.000001
348.00	0.0000002	0.000380	0.105468	-0.000001
349.00	-0.0000002	0.002473	0.105461	-0.000001
350.00	-0.0000007	-0.000252	0.105455	-0.000001
351.00	-0.0000005	-0.000743	0.105448	-0.000001
352.00	-0.0000002	0.000853	0.105442	-0.000001
353.00	0.0000002	0.004088	0.105435	-0.000001
354.00	-0.0000000	-0.001071	0.105429	-0.000001
355.00	-0.0000003	-0.002604	0.105422	-0.000001
356.00	-0.0000008	0.002369	0.105416	-0.000001
357.00	-0.0000003	-0.001797	0.105410	-0.000001
358.00	0.0000000	0.001736	0.105403	-0.000001
359.00	0.0000001	0.001693	0.105397	-0.000001
360.00	-0.0000003	0.001551	0.105390	-0.000001
361.00	-0.0000008	-0.001274	0.105384	-0.000001
362.00	-0.0000005	-0.001566	0.105377	-0.000001
363.00	-0.0000001	-0.000963	0.105371	-0.000001
364.00	0.0000002	-0.002348	0.105364	-0.000001
365.00	-0.0000001	-0.002093	0.105358	-0.000001
366.00	-0.0000005	-0.002235	0.105351	-0.000001
367.00	-0.0000008	-0.001981	0.105345	-0.000001
368.00	-0.0000002	-0.000981	0.105338	-0.000001
369.00	0.0000001	0.002254	0.105332	-0.000001
370.00	-0.0000000	0.000522	0.105326	-0.000001
371.00	-0.0000003	-0.001706	0.105319	-0.000001
372.00	-0.0000008	-0.001452	0.105313	-0.000001
373.00	-0.0000003	-0.002488	0.105306	-0.000001
374.00	0.0000001	-0.002184	0.105300	-0.000001
375.00	0.0000002	0.000406	0.105293	-0.000001
376.00	-0.0000003	0.001555	0.105287	-0.000001
377.00	-0.0000006	-0.003108	0.105280	-0.000001
378.00	-0.0000005	-0.000519	0.105274	-0.000001
379.00	-0.0000001	0.000481	0.105267	-0.000001
380.00	0.0000003	-0.001251	0.105261	-0.000001
381.00	-0.0000001	-0.002685	0.105255	-0.000001
382.00	-0.0000005	-0.001238	0.105248	-0.000001
383.00	-0.0000007	-0.000387	0.105242	-0.000001
384.00	-0.0000000	0.000762	0.105235	-0.000001
385.00	0.0000003	-0.001119	0.105229	-0.000001
386.00	-0.0000001	-0.000368	0.105222	-0.000001
387.00	-0.0000005	-0.001206	0.105216	-0.000001
388.00	-0.0000006	-0.000057	0.105209	-0.000001
389.00	-0.0000002	0.003327	0.105203	-0.000001
390.00	0.0000003	0.001546	0.105196	-0.000001
391.00	-0.0000001	-0.000683	0.105190	-0.000001
392.00	-0.0000005	-0.000180	0.105183	-0.000001
393.00	-0.0000004	0.000274	0.105177	-0.000001
394.00	-0.0000001	0.000677	0.105171	-0.000001
395.00	0.0000003	0.002820	0.105164	-0.000001
396.00	-0.0000002	-0.001992	0.105158	-0.000001
397.00	-0.0000007	0.002286	0.105151	-0.000001
398.00	-0.0000005	0.001548	0.105145	-0.000001
399.00	0.0000000	0.001405	0.105138	-0.000001
400.00	-0.0000004	0.000428	0.105121	-0.000001
401.00	-0.0000007	0.000385	0.105115	-0.000001
402.00	-0.0000001	-0.000453	0.105109	-0.000001
403.00	0.0000003	0.002335	0.105102	-0.000001
404.00	-0.0000001	0.003136	0.105096	-0.000001
405.00	-0.0000004	0.000411	0.105089	-0.000001
406.00	-0.0000005	-0.000477	0.105083	-0.000001
407.00	-0.0000001	0.000871	0.105076	-0.000001
408.00	0.0000003	-0.001010	0.105070	-0.000001
409.00	-0.0000001	0.002026	0.105063	-0.000001
410.00	-0.0000003	-0.000103	0.105057	-0.000001
411.00	-0.0000006	-0.001686	0.105051	-0.000001
412.00	-0.0000002	-0.000239	0.105044	-0.000001
413.00	0.0000004	-0.000928	0.105038	-0.000001
414.00	0.0000001	0.000668	0.105031	-0.000001
415.00	-0.0000004	-0.000419	0.105025	-0.000001
416.00	-0.0000007	0.001823	0.105018	-0.000001
417.00	-0.0000002	-0.001002	0.105012	-0.000001
418.00	0.0000003	0.001091	0.105005	-0.000001
419.00	0.0000001	0.002091	0.104999	-0.000001
420.00	-0.0000002	0.002246	0.104992	-0.000001
421.00	-0.0000007	0.004140	0.104986	-0.000001
422.00	-0.0000002	0.001663	0.104980	-0.000001
423.00	0.0000003	0.000676	0.104973	-0.000001
424.00	0.0000003	0.002222	0.104967	-0.000001
425.00	-0.0000002	-0.000056	0.104960	-0.000001
426.00	-0.0000007	-0.000099	0.104954	-0.000001
427.00	-0.0000002	0.000056	0.104947	-0.000001
428.00	0.0000003	0.000013	0.104941	-0.000001
429.00	0.0000003	0.003099	0.104934	-0.000001
430.00	-0.0000001	-0.000471	0.104928	-0.000001
431.00	-0.0000003	0.002864	0.104921	-0.000001
432.00	-0.0000003	0.000933	0.104915	-0.000001
433.00	0.0000002	0.000741	0.104908	-0.000001
434.00	0.0000003	0.001194	0.104902	-0.000001
435.00	0.0000000	0.001300	0.104896	-0.000001
436.00	-0.0000005	0.000363	0.104889	-0.000001
437.00	-0.0000003	0.000171	0.104883	-0.000001
438.00	-0.0000000	-0.000965	0.104876	-0.000001
439.00	0.0000003	0.000631	0.104870	-0.000001
440.00	0.0000001	-0.000704	0.104863	-0.000001
441.00	-0.0000003	-0.002436	0.104857	-0.000001
442.00	-0.0000006	0.002090	0.104850	-0.000001
443.00	-0.0000002	-0.001330	0.104844	-0.000001
444.00	0.0000003	0.001507	0.104837	-0.000001
445.00	0.0000003	-0.001417	0.104831	-0.000001
446.00	-0.0000002	0.001768	0.104824	-0.000001
447.00	-0.0000005	0.003861	0.104818	-0.000001
448.00	-0.0000002	0.006947	0.104812	-0.000001
449.00	0.0000003	-0.000994	0.104805	-0.000001
450.00	0.0000003	-0.000938	0.104799	-0.000001
451.00	-0.0000002	0.001751	0.104792	-0.000001
452.00	-0.0000010	-0.000527	0.104786	-0.000001
453.00	-0.0000003	0.000174	0.104779	-0.000001
454.00	0.0000002	0.001373	0.104773	-0.000001
455.00	0.0000003	0.001330	0.104766	-0.000001
456.00	-0.0000001	-0.000104	0.104760	-0.000001
457.00	-0.0000004	0.002038	0.104754	-0.000001
458.00	-0.0000001	0.001449	0.104747	-0.000001
459.00	0.0000003	0.000710	0.104741	-0.000001
460.00	0.0000004	0.002107	0.104734	-0.000001
461.00	0.0000001	-0.000072	0.104728	-0.000001
462.00	-0.0000002	0.003759	0.104721	-0.000001
463.00	-0.0000001	0.000686	0.104715	-0.000001
464.00	0.0000009	-0.001344	0.104708	-0.000001
465.00	0.0000009	0.000302	0.104702	-0.000001
466.00	0.0000004	0.001749	0.104695	-0.000001
467.00	-0.0000001	0.001656	0.104689	-0.000001
468.00	-0.0000001	-0.000424	0.104683	-0.000001
469.00	0.0000001	0.001371	0.104676	-0.000001
470.00	0.0000004	0.000930	0.104670	-0.000001
471.00	0.0000009	0.002625	0.104663	-0.000001
472.00	0.0000004	-0.001193	0.104657	-0.000001
473.00	0.0000004	-0.001236	0.104650	-0.000001
474.00	0.0000005	0.000111	0.104644	-0.000001
475.00	-0.0000000	-0.000279	0.104637	-0.000001
476.00	0.0000004	0.000224	0.104631	-0.000001
477.00	-0.0000001	-0.001161	0.104624	-0.000001
478.00	-0.0000001	0.003068	0.104618	-0.000001
479.00	-0.0000001	0.000690	0.104611	-0.000001
480.00	0.0000004	0.000945	0.104605	-0.000001
481.00	0.0000006	-0.000737	0.104599	-0.000001
482.00	0.0000000	-0.000334	0.104592	-0.000001
483.00	-0.0000004	0.002454	0.104586	-0.000001
484.00	-0.0000001	0.001467	0.104579	-0.000001
485.00	0.0000003	0.001822	0.104573	-0.000001
486.00	0.0000004	-0.000606	0.104566	-0.000001
487.00	0.0000002	-0.001791	0.104560	-0.000001
488.00	-0.0000002	0.003331	0.104553	-0.000001
489.00	-0.0000005	0.002493	0.104547	-0.000001
490.00	-0.0000001	0.001357	0.104540	-0.000001
491.00	-0.0000001	0.002149	0.104493	-0.000001
492.00	-0.0000006	0.001061	0.104489	-0.000001
493.00	-0.0000001	0.001911	0.104484	-0.000001
494.00	-0.0000002	0.003455	0.104479	-0.000001
495.00	0.0000004	0.001920	0.104474	-0.000001
496.00	-0.0000001	0.002472	0.104469	-0.000001
497.00	-0.0000003	0.002029	0.104464	-0.000001
498.00	-0.0000003	0.002879	0.104459	-0.000001
499.00	0.0000002	0.003281	0.104455	-0.000001
500.00	0.0000003	-0.000142	0.104450	-0.000001
501.00	0.0000000	0.002198	0.104445	-0.000001
502.00	-0.0000004	-0.001125	0.104440	-0.000001
503.00	-0.0000008	0.000370	0.104435	-0.000001
504.00	-0.0000000	0.000275	0.104430	-0.000001
505.00	0.0000003	0.004303	0.104426	-0.000001
506.00	-0.0000000	0.001328	0.104421	-0.000001
507.00	-0.0000003	0.002475	0.104416	-0.000001
508.00	-0.0000009	0.004566	0.104411	-0.000001
509.00	0.0000000	0.002485	0.104406	-0.000001
510.00	0.0000003	0.002788	0.104401	-0.000001
511.00	-0.0000004	0.002544	0.104397	-0.000001
512.00	-0.0000003	0.003443	0.104392	-0.000001
513.00	-0.0000008	-0.001370	0.104387	-0.000001
514.00	-0.0000001	0.002261	0.104382	-0.000001
515.00	0.0000003	0.002961	0.104377	-0.000001
516.00	0.0000000	-0.001107	0.104372	-0.000001
517.00	-0.0000002	-0.001351	0.104368	-0.000001
518.00	-0.0000005	-0.000502	0.104363	-0.000001
519.00	-0.0000001	0.003179	0.104358	-0.000001
520.00	0.0000003	0.001396	0.104353	-0.000001
521.00	0.0000000	0.000705	0.104348	-0.000001
522.00	-0.0000002	-0.001525	0.104343	-0.000001
523.00	-0.0000011	-0.000775	0.104338	-0.000001
524.00	-0.0000002	-0.001019	0.104334	-0.000001
525.00	0.0000002	0.000575	0.104329	-0.000001
526.00	0.0000001	-0.001109	0.104324	-0.000001
527.00	-0.0000003	0.000188	0.104319	-0.000001
528.00	-0.0000010	0.001782	0.104314	-0.000001
529.00	-0.0000007	-0.001293	0.104309	-0.000001
530.00	0.0000002	-0.000245	0.104305	-0.000001
531.00	0.0000002	0.001548	0.104300	-0.000001
532.00	-0.0000002	-0.000185	0.104295	-0.000001
533.00	-0.0000003	0.000266	0.104290	-0.000001
534.00	-0.0000003	-0.000126	0.104285	-0.000001
535.00	0.0000001	0.001866	0.104280	-0.000001
536.00	0.0000002	0.001175	0.104276	-0.000001
537.00	0.0000002	0.000981	0.104271	-0.000001
538.00	0.0000001	-0.001796	0.104266	-0.000001
539.00	0.0000002	-0.000996	0.104261	-0.000001
540.00	0.0000007	-0.000246	0.104256	-0.000001
541.00	0.0000009	-0.000291	0.104251	-0.000001
542.00	0.0000022	0.001701	0.104247	-0.000001
543.00	0.0000029	0.000513	0.104242	-0.000001
544.00	0.0000047	0.000419	0.104237	-0.000001
545.00	0.0000081	0.000573	0.104232	-0.000001
546.00	0.0000142	-0.000962	0.104227	-0.000001
547.00	0.0000251	-0.000560	0.104222	-0.000001
548.00	0.0000447	-0.000207	0.104218	-0.000001
549.00	0.0000835	0.000195	0.104213	-0.000001
550.00	0.0001593	-0.002135	0.104208	-0.000001
551.00	0.0003069	0.000304	0.104203	-0.000001
552.00	0.0005985	0.000358	0.104198	-0.000001
553.00	0.0010886	0.000264	0.104193	-0.000001
554.00	0.0018603	0.000219	0.104189	-0.000001
555.00	0.0028390	0.002161	0.104184	-0.000001
556.00	0.0039389	0.002315	0.104179	-0.000001
557.00	0.0052656	-0.000263	0.104174	-0.000001
558.00	0.0069739	-0.000109	0.104169	-0.000001
559.00	0.0093966	0.069585	0.104162	-0.000001
560.00	0.0129432	0.003926	0.104158	-0.000001
561.00	0.0179774	0.001099	0.104153	-0.000001
562.00	0.0247786	-0.001827	0.104148	-0.000001
563.00	0.0336354	0.002053	0.104143	-0.000001
564.00	0.0437353	0.000319	0.104138	-0.000001
565.00	0.0537280	0.002609	0.104133	-0.000001
566.00	0.0622383	-0.002552	0.104129	-0.000001
567.00	0.0693345	-0.000064	0.104124	-0.000001
568.00	0.0753939	0.000636	0.104119	-0.000001
569.00	0.0808666	-0.001743	0.104114	-0.000001
570.00	0.0862246	0.000249	0.104109	-0.000001
571.00	0.0914685	0.035521	0.104103	-0.000001
572.00	0.0967360	0.001849	0.104098	-0.000001
573.00	0.1021150	0.002648	0.104094	-0.000001
574.00	0.1074196	0.002355	0.104089	-0.000001
575.00	0.1129349	0.000671	0.104084	-0.000001
576.00	0.1179620	0.000130	0.104079	-0.000001
577.00	0.1228402	0.001823	0.104074	-0.000001
578.00	0.1271335	0.004262	0.104069	-0.000001
579.00	0.1307204	-0.000899	0.104065	-0.000001
580.00	0.1340172	0.000248	0.104060	-0.000001
581.00	0.1374007	0.001147	0.104055	-0.000001
582.00	0.1413916	-0.000139	0.104050	-0.000001
583.00	0.1459650	0.001952	0.104045	-0.000001
584.00	0.1515547	0.001609	0.104040	-0.000000
585.00	0.1568990	0.000521	0.104036	-0.000000
586.00	0.1618467	0.000873	0.104031	-0.000000
587.00	0.1655947	0.001574	0.104026	-0.000000
588.00	0.1680883	0.002175	0.104021	-0.000000
589.00	0.1697119	0.001385	0.104016	-0.000000
590.00	0.1706415	-0.000647	0.104011	-0.000000
591.00	0.1713232	-0.000642	0.104007	-0.000000
592.00	0.1716082	0.001200	0.104002	-0.000000
593.00	0.1713603	-0.001080	0.103997	-0.000000
594.00	0.1704927	-0.003260	0.103992	-0.000000
595.00	0.1690154	-0.000275	0.103987	-0.000000
596.00	0.1672703	-0.000022	0.103982	-0.000000
597.00	0.1658524	-0.001507	0.103978	-0.000000
598.00	0.1653368	-0.000360	0.103973	-0.000000
599.00	0.1658574	0.002824	0.103968	-0.000000
600.00	0.1675925	0.000047	0.103963	-0.000000
601.00	0.1702820	0.002188	0.103958	-0.000000
602.00	0.1734375	0.001944	0.103953	-0.000000
603.00	0.1763824	0.001552	0.103949	-0.000000
604.00	0.1785835	-0.000927	0.103944	-0.000000
605.00	0.1797337	0.001214	0.103939	-0.000000
606.00	0.1799022	-0.001116	0.103934	-0.000000
607.00	0.1793916	-0.000217	0.103929	-0.000000
608.00	0.1784497	0.000582	0.103924	-0.000000
609.00	0.1772350	0.001531	0.103920	-0.000000
610.00	0.1757849	0.001437	0.103915	-0.000000
611.00	0.1741489	0.002335	0.103910	-0.000000
612.00	0.1724460	0.000950	0.103905	-0.000000
613.00	0.1707207	-0.000039	0.103900	-0.000000
614.00	0.1691541	-0.001524	0.103895	-0.000000
615.00	0.1679643	-0.000774	0.103890	-0.000000
616.00	0.1671587	-0.000472	0.103886	-0.000000
617.00	0.1669232	0.002365	0.103881	-0.000000
618.00	0.1672082	0.001823	0.103876	-0.000000
619.00	0.1676420	0.001679	0.103871	-0.000000
620.00	0.1681502	-0.002439	0.103866	-0.000000
621.00	0.1681923	0.003129	0.103861	-0.000000
622.00	0.1676668	-0.000741	0.103857	-0.000000
623.00	0.1666852	0.001201	0.103852	-0.000000
624.00	0.1651756	0.002647	0.103847	-0.000000
625.00	0.1635272	0.000863	0.103842	-0.000000
626.00	0.1619159	-0.001019	0.103837	-0.000000
627.00	0.1605154	0.000327	0.103832	-0.000000
628.00	0.1593628	0.000332	0.103828	-0.000000
629.00	0.1585324	-0.002048	0.103823	-0.000000
630.00	0.1579697	0.001235	0.103818	-0.000000
631.00	0.1576425	-0.000846	0.103813	-0.000000
632.00	0.1575036	0.000848	0.103808	-0.000000
633.00	0.1576152	-0.000538	0.103803	-0.000000
634.00	0.1580738	0.001106	0.103799	-0.000000
635.00	0.1587306	0.001359	0.103794	-0.000000
636.00	0.1595239	-0.001766	0.103789	-0.000000
637.00	0.1602179	0.000673	0.103784	-0.000000
638.00	0.1607509	-0.000961	0.103779	-0.000000
639.00	0.1610359	0.001179	0.103774	-0.000000
640.00	0.1608450	0.000737	0.103770	-0.000000
641.00	0.1601906	0.001139	0.103765	-0.000000
642.00	0.1592090	0.001840	0.103760	-0.000000
643.00	0.1581382	0.001149	0.103755	-0.000000
644.00	0.1571566	0.001005	0.103750	-0.000000
645.00	0.1563014	0.000712	0.103745	-0.000000
646.00	0.1555577	0.002306	0.103741	-0.000000
647.00	0.1548637	0.000374	0.103736	-0.000000
648.00	0.1540209	0.001273	0.103731	-0.000000
649.00	0.1527343	-0.001156	0.103726	-0.000000
650.00	0.1509595	0.001282	0.103721	-0.000000
651.00	0.1487782	0.000244	0.103716	-0.000000
652.00	0.1459151	0.001193	0.103711	-0.000000
653.00	0.1429654	0.001595	0.103707	-0.000000
654.00	0.1396314	0.000159	0.103702	-0.000000
655.00	0.1368179	-0.000134	0.103697	-0.000000
656.00	0.1339921	-0.000973	0.103692	-0.000000
657.00	0.1316843	-0.000919	0.103687	-0.000000
658.00	0.1296715	0.001271	0.103682	-0.000000
659.00	0.1278868	0.000978	0.103678	-0.000000
660.00	0.1261318	0.001877	0.103673	-0.000000
661.00	0.1244610	0.003322	0.103668	-0.000000
662.00	0.1227383	0.003675	0.103663	-0.000000
663.00	0.1209411	0.003034	0.103658	-0.000000
664.00	0.1192555	-0.000190	0.103653	-0.000000
665.00	0.1174832	0.001057	0.103649	-0.000000
666.00	0.1157802	0.002353	0.103644	-0.000000
667.00	0.1140550	0.003848	0.103639	-0.000000
668.00	0.1123991	0.000624	0.103634	-0.000000
669.00	0.1106144	-0.000165	0.103629	-0.000000
670.00	0.1088891	0.000932	0.103624	-0.000000
671.00	0.1068863	0.000937	0.103620	-0.000000
672.00	0.1047049	0.000246	0.103615	-0.000000
673.00	0.1023500	0.003281	0.103610	-0.000000
674.00	0.1008999	0.003087	0.103605	-0.000000
675.00	0.0997225	0.004135	0.103600	-0.000000
676.00	0.0990929	0.003047	0.103595	-0.000000
677.00	0.0984285	0.001959	0.103590	-0.000000
678.00	0.0976155	0.003504	0.103586	-0.000000
679.00	0.0967132	-0.000812	0.103581	-0.000000
680.00	0.0956448	0.001626	0.103576	-0.000000
681.00	0.0947525	-0.000952	0.103571	-0.000000
682.00	0.0939468	0.002133	0.103566	-0.000000
683.00	0.0934015	0.000498	0.103561	-0.000000
684.00	0.0928809	-0.001782	0.103557	-0.000000
685.00	0.0925587	0.002346	0.103552	-0.000000
686.00	0.0924100	0.002351	0.103547	-0.000000
687.00	0.0923604	0.000816	0.103542	-0.000000
688.00	0.0926380	0.003850	0.103537	-0.000000
689.00	0.0929553	0.001123	0.103532	-0.000000
690.00	0.0933147	0.002320	0.103528	-0.000000
691.00	0.0936989	0.002027	0.103523	-0.000000
692.00	0.0940088	0.003820	0.103518	-0.000000
693.00	0.0941079	0.000199	0.103513	-0.000000
694.00	0.0939964	0.002936	0.103508	-0.000000
695.00	0.0937782	0.004033	0.103503	-0.000000
696.00	0.0932131	0.004336	0.103499	-0.000000
697.00	0.0925190	-0.001470	0.103494	-0.000000
698.00	0.0915870	0.000174	0.103489	-0.000000
699.00	0.0904764	0.003354	0.103488	-0.000000
700.00	0.0878390	0.001792	0.103510	-0.000000
701.00	0.0867582	0.000790	0.103518	-0.000000
702.00	0.0855065	0.002420	0.103527	-0.000000
703.00	0.0842918	0.004001	0.103535	-0.000000
704.00	0.0831268	0.003446	0.103544	-0.000000
705.00	0.0819494	0.001401	0.103552	-0.000000
706.00	0.0807348	0.001442	0.103561	-0.000000
707.00	0.0795202	0.002030	0.103570	-0.000000
708.00	0.0784791	0.001078	0.103578	-0.000000
709.00	0.0773587	0.000821	0.103587	-0.000000
710.00	0.0764960	0.000415	0.103595	-0.000000
711.00	0.0756037	0.004777	0.103604	-0.000000
712.00	0.0748105	0.002534	0.103612	-0.000000
713.00	0.0740916	0.002476	0.103621	-0.000000
714.00	0.0734099	0.001225	0.103629	-0.000000
715.00	0.0727531	0.000770	0.103638	-0.000000
716.00	0.0721581	0.001158	0.103646	-0.000000
717.00	0.0715583	0.001498	0.103655	-0.000000
718.00	0.0709336	0.002582	0.103663	-0.000000
719.00	0.0702991	0.001977	0.103672	-0.000000
720.00	0.0696546	0.000628	0.103681	-0.000000
721.00	0.0689357	-0.000424	0.103689	-0.000000
722.00	0.0682912	0.000412	0.103698	-0.000000
723.00	0.0674237	0.001347	0.103706	-0.000000
724.00	0.0666800	-0.000301	0.103715	-0.000000
725.00	0.0657505	0.001876	0.103723	-0.000000
726.00	0.0648953	0.001023	0.103732	-0.000000
727.00	0.0639633	-0.000624	0.103740	-0.000000
728.00	0.0629123	0.000112	0.103749	-0.000000
729.00	0.0618018	-0.001436	0.103757	-0.000000
730.00	0.0606442	0.000344	0.103766	-0.000000
731.00	0.0595020	0.068281	0.103778	-0.000000
732.00	0.0582938	0.001515	0.103786	-0.000000
733.00	0.0569513	0.001904	0.103795	-0.000000
734.00	0.0555899	0.002492	0.103803	-0.000000
735.00	0.0541624	0.000794	0.103812	-0.000000
736.00	0.0527148	0.000190	0.103820	-0.000000
737.00	0.0512086	0.000082	0.103829	-0.000000
738.00	0.0496912	0.000620	0.103837	-0.000000
739.00	0.0481663	0.000611	0.103846	-0.000000
740.00	0.0466202	0.000503	0.103854	-0.000000
741.00	0.0451001	-0.000101	0.103863	-0.000000
742.00	0.0435961	-0.000557	0.103872	-0.000000
743.00	0.0421221	-0.000963	0.103880	-0.000000
744.00	0.0407013	-0.001120	0.103889	-0.000000
745.00	0.0393758	0.000510	0.103897	-0.000000
746.00	0.0380664	-0.001783	0.103906	-0.000000
747.00	0.0368418	0.000096	0.103914	-0.000000
748.00	0.0356832	0.001577	0.103923	-0.000000
749.00	0.0345784	0.003556	0.103931	-0.000000
750.00	0.0335857	0.003051	0.103940	-0.000000
751.00	0.0326349	0.001949	0.103948	-0.000000
752.00	0.0317588	0.004474	0.103957	-0.000000
753.00	0.0309256	0.003522	0.103965	-0.000000
754.00	0.0301368	-0.000659	0.103974	-0.000000
755.00	0.0293519	0.000425	0.103983	-0.000000
756.00	0.0285758	-0.000974	0.103991	-0.000000
757.00	0.0277909	-0.000784	0.104000	-0.000000
758.00	0.0269689	0.002585	0.104008	-0.000000
759.00	0.0261008	0.003371	0.104017	-0.000000
760.00	0.0251231	-0.001505	0.104025	-0.000000
761.00	0.0242311	-0.002308	0.104034	-0.000000
762.00	0.0232474	-0.000777	0.104042	-0.000000
763.00	0.0221548	-0.000190	0.104051	-0.000000
764.00	0.0210921	0.000746	0.104059	-0.000000
765.00	0.0199460	0.000439	0.104068	-0.000000
766.00	0.0188073	0.000083	0.104076	-0.000000
767.00	0.0176741	0.001018	0.104085	-0.000000
768.00	0.0165509	0.002201	0.104093	-0.000000
769.00	0.0154546	0.000504	0.104102	-0.000000
770.00	0.0144160	0.002333	0.104111	-0.000000
771.00	0.0134184	0.000139	0.104119	-0.000000
772.00	0.0125010	0.001720	0.104128	-0.000000
773.00	0.0116389	0.000867	0.104136	-0.000000
774.00	0.0108478	0.004087	0.104145	-0.000000
775.00	0.0101364	0.000999	0.104153	-0.000000
776.00	0.0094898	0.003921	0.104162	-0.000000
777.00	0.0089105	0.002721	0.104170	-0.000000
778.00	0.0083933	0.001172	0.104179	-0.000000
779.00	0.0079248	0.001214	0.104187	-0.000000
780.00	0.0075115	0.001106	0.104196	-0.000000
781.00	0.0071415	0.000601	0.104204	-0.000000
782.00	0.0068225	0.001337	0.104213	-0.000000
783.00	0.0065323	-0.001254	0.104221	-0.000000
784.00	0.0062756	0.001469	0.104230	-0.000000
785.00	0.0060452	-0.000228	0.104238	-0.000000
786.00	0.0058492	0.032941	0.104249	-0.000000
787.00	0.0056712	0.002038	0.104257	-0.000000
788.00	0.0055079	0.001483	0.104266	-0.000000
789.00	0.0053655	0.002766	0.104274	-0.000000
790.00	0.0052403	0.002062	0.104283	-0.000000
791.00	0.0051315	0.000911	0.104291	-0.000000
792.00	0.0050318	0.000555	0.104300	-0.000000
793.00	0.0049413	0.001689	0.104308	-0.000000
794.00	0.0048592	0.002077	0.104317	-0.000000
795.00	0.0047817	-0.000117	0.104325	-0.000000
796.00	0.0047037	0.000322	0.104334	-0.000000
797.00	0.0046225	0.001605	0.104343	-0.000000
798.00	0.0045315	0.001745	0.104351	-0.000000
799.00	0.0044318	-0.000995	0.104360	-0.000000
800.00	0.0043153	-0.000060	0.104368	-0.000000
801.00	0.0041851	-0.000168	0.104377	-0.000000
802.00	0.0040407	0.001264	0.104385	-0.000000
803.00	0.0038821	0.001802	0.104394	-0.000001
804.00	0.0037130	0.000701	0.104402	-0.000001
805.00	0.0035374	-0.001245	0.104411	-0.000001
806.00	0.0033590	-0.001452	0.104419	-0.000001
807.00	0.0031880	-0.000269	0.104428	-0.000001
808.00	0.0030073	0.002604	0.104436	-0.000001
809.00	0.0028409	0.000261	0.104445	-0.000001
810.00	0.0026769	0.000103	0.104453	-0.000001
811.00	0.0025135	0.002479	0.104462	-0.000001
812.00	0.0023455	0.000831	0.104471	-0.000001
813.00	0.0021716	-0.000419	0.104479	-0.000001
814.00	0.0019894	-0.002166	0.104488	-0.000001
815.00	0.0017956	-0.001877	0.104496	-0.000001
816.00	0.0015953	0.000151	0.104505	-0.000001
817.00	0.0013927	0.000093	0.104513	-0.000001
818.00	0.0011896	0.000978	0.104522	-0.000001
819.00	0.0009987	-0.001563	0.104530	-0.000001
820.00	0.0008309	0.000812	0.104539	-0.000001
821.00	0.0006837	0.000108	0.104547	-0.000001
822.00	0.0005569	0.001689	0.104556	-0.000001
823.00	0.0004523	0.001532	0.104564	-0.000001
824.00	0.0003677	-0.000762	0.104573	-0.000001
825.00	0.0002992	-0.000472	0.104582	-0.000001
826.00	0.0002428	-0.001076	0.104590	-0.000001
827.00	0.0002005	-0.000092	0.104598	-0.000001
828.00	0.0001668	0.000546	0.104607	-0.000001
829.00	0.0001392	-0.002394	0.104615	-0.000001
830.00	0.0001169	-0.000664	0.104624	-0.000001
831.00	0.0000998	-0.001020	0.104633	-0.000001
832.00	0.0000862	-0.003115	0.104641	-0.000001
833.00	0.0000749	-0.002279	0.104650	-0.000001
834.00	0.0000665	-0.001790	0.104658	-0.000001
835.00	0.0000591	0.002075	0.104667	-0.000001
836.00	0.0000530	-0.002801	0.104675	-0.000001
837.00	0.0000485	-0.001021	0.104684	-0.000001
838.00	0.0000450	-0.003265	0.104692	-0.000001
839.00	0.0000425	-0.002231	0.104701	-0.000001
840.00	0.0000401	-0.001792	0.104709	-0.000001
841.00	0.0000386	-0.001354	0.104718	-0.000001
842.00	0.0000376	-0.002455	0.104726	-0.000001
843.00	0.0000376	-0.000824	0.104735	-0.000001
844.00	0.0000386	-0.000584	0.104744	-0.000001
845.00	0.0000406	0.000897	0.104752	-0.000001
846.00	0.0000431	0.001336	0.104761	-0.000001
847.00	0.0000471	0.000135	0.104769	-0.000001
848.00	0.0000531	0.001021	0.104778	-0.000001
849.00	0.0000621	0.000962	0.104786	-0.000001
850.00	0.0000745	-0.000288	0.104795	-0.000001
851.00	0.0000889	0.000548	0.104803	-0.000001
852.00	0.0000999	-0.000653	0.104812	-0.000001
853.00	0.0000985	-0.000711	0.104820	-0.000001
854.00	0.0000816	-0.001067	0.104829	-0.000001
855.00	0.0000586	-0.002367	0.104837	-0.000001
856.00	0.0000396	0.001648	0.104846	-0.000001
857.00	0.0000267	0.001142	0.104854	-0.000001
858.00	0.0000177	-0.002095	0.104863	-0.000001
859.00	0.0000117	-0.001209	0.104872	-0.000001
860.00	0.0000083	-0.001764	0.104880	-0.000001
861.00	0.0000063	-0.001723	0.104889	-0.000001
862.00	0.0000053	-0.003172	0.104897	-0.000001
863.00	0.0000038	0.001042	0.104906	-0.000001
864.00	0.0000028	0.000288	0.104914	-0.000001
865.00	0.0000018	-0.001310	0.104923	-0.000001
866.00	0.0000018	-0.001468	0.104931	-0.000001
867.00	0.0000018	-0.000284	0.104940	-0.000001
868.00	0.0000017	0.001545	0.104948	-0.000001
869.00	0.0000011	-0.000400	0.104957	-0.000001
870.00	0.0000006	0.001975	0.104965	-0.000001
871.00	0.0000004	0.000675	0.104974	-0.000001
872.00	0.0000008	0.002753	0.104982	-0.000001
873.00	0.0000008	-0.002024	0.104991	-0.000001
874.00	0.0000008	-0.004864	0.104999	-0.000001
875.00	0.0000003	-0.000849	0.105008	-0.000001
876.00	0.0000001	-0.003490	0.105016	-0.000001
877.00	0.0000003	-0.003101	0.105025	-0.000001
878.00	0.0000008	0.000367	0.105034	-0.000001
879.00	0.0000009	0.000160	0.105042	-0.000001
880.00	0.0000004	0.000003	0.105051	-0.000001
881.00	-0.0000000	0.001385	0.105059	-0.000001
882.00	-0.0000000	0.001227	0.105068	-0.000001
883.00	0.0000004	0.000474	0.105076	-0.000001
884.00	0.0000009	0.001161	0.105085	-0.000001
885.00	0.0000004	-0.000239	0.105093	-0.000001
886.00	0.0000001	-0.001439	0.105102	-0.000001
887.00	-0.0000001	-0.003584	0.105110	-0.000001
888.00	-0.0000001	-0.000960	0.105119	-0.000001
889.00	0.0000007	0.001068	0.105127	-0.000001
890.00	0.0000009	0.000414	0.105136	-0.000001
891.00	0.0000004	-0.001085	0.105145	-0.000001
892.00	-0.0000001	-0.000845	0.105153	-0.000001
893.00	0.0000003	0.001084	0.105162	-0.000001
894.00	0.0000007	0.001969	0.105170	-0.000001
895.00	0.0000009	-0.000374	0.105179	-0.000001
896.00	0.0000006	0.001555	0.105187	-0.000001
897.00	0.0000002	-0.001484	0.105196	-0.000001
898.00	0.0000002	-0.000747	0.105204	-0.000001
899.00	0.0000006	0.000933	0.105213	-0.000001
900.00	0.0000010	0.000676	0.105221	-0.000001
901.00	0.0000008	0.001910	0.105230	-0.000001
902.00	0.0000005	0.001951	0.105238	-0.000001
903.00	0.0000004	0.000005	0.105247	-0.000001
904.00	0.0000007	0.000841	0.105255	-0.000001
905.00	0.0000005	-0.001235	0.105295	-0.000001
906.00	0.0000005	-0.000835	0.105292	-0.000001
907.00	0.0000006	0.002147	0.105290	-0.000001
908.00	0.0000010	0.002001	0.105288	-0.000001
909.00	0.0000010	-0.001971	0.105285	-0.000001
910.00	0.0000005	-0.001025	0.105283	-0.000001
911.00	0.0000005	-0.001569	0.105281	-0.000001
912.00	0.0000007	-0.000374	0.105278	-0.000001
913.00	0.0000010	-0.003402	0.105276	-0.000001
914.00	0.0000010	0.000326	0.105274	-0.000001
915.00	0.0000009	0.000626	0.105272	-0.000001
916.00	0.0000005	-0.002004	0.105269	-0.000001
917.00	0.0000010	0.001425	0.105267	-0.000001
918.00	0.0000014	0.000981	0.105265	-0.000001
919.00	0.0000015	0.001678	0.105262	-0.000001
920.00	0.0000012	-0.000505	0.105260	-0.000001
921.00	0.0000010	0.002478	0.105258	-0.000001
922.00	0.0000011	-0.002338	0.105255	-0.000001
923.00	0.0000017	-0.000001	0.105253	-0.000001
924.00	0.0000020	0.002336	0.105251	-0.000001
925.00	0.0000015	0.001046	0.105249	-0.000001
926.00	0.0000015	-0.000342	0.105246	-0.000001
927.00	0.0000015	-0.000936	0.105244	-0.000001
928.00	0.0000020	-0.000337	0.105242	-0.000001
929.00	0.0000025	-0.000236	0.105239	-0.000001
930.00	0.0000022	-0.002270	0.105237	-0.000001
931.00	0.0000020	-0.001672	0.105235	-0.000001
932.00	0.0000020	0.000169	0.105232	-0.000001
933.00	0.0000025	0.002108	0.105230	-0.000001
934.00	0.0000025	0.001763	0.105228	-0.000001
935.00	0.0000025	0.001417	0.105225	-0.000001
936.00	0.0000020	0.000327	0.105223	-0.000001
937.00	0.0000024	-0.002800	0.105221	-0.000001
938.00	0.0000029	0.001076	0.105219	-0.000001
939.00	0.0000030	-0.001802	0.105216	-0.000001
940.00	0.0000028	0.000435	0.105214	-0.000001
941.00	0.0000025	-0.000804	0.105212	-0.000001
942.00	0.0000025	-0.001001	0.105209	-0.000001
943.00	0.0000031	-0.002091	0.105207	-0.000001
944.00	0.0000032	-0.002486	0.105205	-0.000001
945.00	0.0000031	-0.002037	0.105202	-0.000001
946.00	0.0000027	0.002287	0.105200	-0.000001
947.00	0.0000027	0.000451	0.105198	-0.000001
948.00	0.0000031	-0.001185	0.105195	-0.000001
949.00	0.0000032	-0.000984	0.105193	-0.000001
950.00	0.0000025	0.001402	0.105191	-0.000001
951.00	0.0000020	0.002994	0.105189	-0.000001
952.00	0.0000017	-0.001176	0.105186	-0.000001
953.00	0.0000012	0.000416	0.105184	-0.000001
954.00	0.0000015	0.000716	0.105182	-0.000001
955.00	0.0000011	0.001265	0.105179	-0.000001
956.00	0.0000005	-0.000074	0.105177	-0.000001
957.00	0.0000003	-0.000072	0.105175	-0.000001
958.00	0.0000005	0.000974	0.105172	-0.000001
959.00	0.0000005	-0.002004	0.105170	-0.000001
960.00	0.0000005	-0.000512	0.105168	-0.000001
961.00	-0.0000003	0.001030	0.105166	-0.000001
962.00	0.0000000	0.000138	0.105163	-0.000001
963.00	0.0000001	0.000041	0.105161	-0.000001
964.00	0.0000005	-0.000453	0.105159	-0.000001
965.00	0.0000004	-0.000699	0.105156	-0.000001
966.00	0.0000000	-0.000846	0.105154	-0.000001
967.00	-0.0000004	-0.001390	0.105152	-0.000001
968.00	0.0000000	0.000202	0.105149	-0.000001
969.00	0.0000005	0.000453	0.105147	-0.000001
970.00	0.0000004	0.000405	0.105145	-0.000001
971.00	0.0000000	0.000308	0.105142	-0.000001
972.00	-0.0000005	-0.000186	0.105140	-0.000001
973.00	0.0000000	-0.004307	0.105138	-0.000001
974.00	0.0000005	-0.002367	0.105136	-0.000001
975.00	0.0000003	0.000417	0.105133	-0.000001
976.00	-0.0000002	-0.001468	0.105131	-0.000001
977.00	-0.0000005	0.000074	0.105129	-0.000001
978.00	0.0000000	-0.002706	0.105126	-0.000001
979.00	-0.0000001	-0.002753	0.105124	-0.000001
980.00	0.0000002	-0.001062	0.105122	-0.000001
981.00	-0.0000001	-0.001407	0.105119	-0.000001
982.00	-0.0000005	-0.002299	0.105117	-0.000001
983.00	0.0000000	-0.000509	0.105115	-0.000001
984.00	0.0000005	-0.002145	0.105112	-0.000001
985.00	0.0000003	-0.002789	0.105110	-0.000001
986.00	-0.0000002	-0.001743	0.105108	-0.000001
987.00	-0.0000005	0.000891	0.105106	-0.000001
988.00	0.0000000	0.003278	0.105103	-0.000001
989.00	0.0000005	0.000201	0.105101	-0.000001
990.00	0.0000001	-0.001784	0.105099	-0.000001
991.00	0.0000000	-0.000192	0.105096	-0.000001
992.00	-0.0000005	-0.001283	0.105094	-0.000001
993.00	0.0000000	-0.000784	0.105092	-0.000001
994.00	0.0000004	0.000610	0.105089	-0.000001
995.00	-0.0000002	0.000314	0.105087	-0.000001
996.00	-0.0000001	0.000266	0.105085	-0.000001
997.00	-0.0000005	0.000368	0.105082	-0.000001
998.00	0.0000000	0.000519	0.105080	-0.000001
999.00	0.0000005	0.002260	0.105078	-0.000001
1000.00	0.0000002	-0.000916	0.105076	-0.000001
1001.00	0.0000000	-0.000070	0.105073	-0.000001
1002.00	-0.0000005	0.000529	0.105071	-0.000001
1003.00	0.0000000	0.001177	0.105069	-0.000001
1004.00	0.0000004	0.000533	0.105066	-0.000001
1005.00	0.0000002	0.001181	0.105064	-0.000001
1006.00	-0.0000001	0.001333	0.105062	-0.000001
1007.00	-0.0000005	0.000292	0.105059	-0.000001
1008.00	0.0000000	0.001834	0.105057	-0.000001
1009.00	0.0000005	-0.000151	0.105055	-0.000001
1010.00	0.0000004	0.000696	0.105053	-0.000001
1011.00	0.0000000	-0.000841	0.105050	-0.000001
1012.00	-0.0000005	-0.000144	0.105048	-0.000001
1013.00	0.0000000	-0.000936	0.105046	-0.000001
1014.00	0.0000005	0.003785	0.105043	-0.000001
1015.00	0.0000004	0.003241	0.105041	-0.000001
1016.00	0.0000000	0.002051	0.105039	-0.000001
1017.00	-0.0000005	-0.000629	0.105036	-0.000001
1018.00	0.0000000	-0.000180	0.105034	-0.000001
1019.00	0.0000004	0.000965	0.105032	-0.000001
1020.00	0.0000005	0.002110	0.105029	-0.000001
1021.00	0.0000000	0.002212	0.105027	-0.000001
1022.00	-0.0000005	0.000773	0.105025	-0.000001
1023.00	-0.0000001	0.000726	0.105023	-0.000001
1024.00	-0.0000001	-0.000811	0.105020	-0.000001
1025.00	0.0000005	0.002916	0.105018	-0.000001
1026.00	0.0000000	0.000783	0.105016	-0.000001
1027.00	-0.0000005	-0.002046	0.105013	-0.000001
1028.00	0.0000000	-0.001249	0.105011	-0.000001
1029.00	0.0000004	-0.000552	0.105009	-0.000001
1030.00	0.0000005	-0.000301	0.105006	-0.000001
1031.00	0.0000000	-0.001938	0.105004	-0.000001
1032.00	-0.0000004	-0.001439	0.105002	-0.000001
1033.00	-0.0000002	-0.001188	0.104999	-0.000001
1034.00	-0.0000002	-0.001782	0.104997	-0.000001
1035.00	0.0000005	-0.002276	0.104995	-0.000001
1036.00	0.0000000	-0.003267	0.104993	-0.000001
1037.00	-0.0000004	0.000858	0.104990	-0.000001
1038.00	-0.0000001	0.000810	0.104988	-0.000001
1039.00	0.0000002	0.001309	0.104986	-0.000001
1040.00	0.0000005	-0.003705	0.104983	-0.000001
1041.00	0.0000000	0.002258	0.104981	-0.000001
1042.00	-0.0000004	0.000373	0.104979	-0.000001
1043.00	-0.0000007	-0.000867	0.104976	-0.000001
1044.00	0.0000001	-0.001858	0.104974	-0.000001
1045.00	0.0000005	0.000330	0.104972	-0.000001
1046.00	0.0000001	0.000630	0.104969	-0.000001
1047.00	-0.0000004	-0.000013	0.104967	-0.000001
1048.00	-0.0000002	-0.000905	0.104965	-0.000001
1049.00	0.0000000	-0.001151	0.104963	-0.000001
1050.00	0.0000005	0.001037	0.104960	-0.000001
1051.00	0.0000002	0.001685	0.104958	-0.000001
1052.00	-0.0000002	-0.001442	0.104956	-0.000001
1053.00	-0.0000004	0.002037	0.104953	-0.000001
1054.00	-0.0000004	-0.000792	0.104951	-0.000001
1055.00	0.0000005	0.001197	0.104949	-0.000001
1056.00	0.0000002	0.000206	0.104946	-0.000001
1057.00	-0.0000001	-0.000586	0.104944	-0.000001
1058.00	-0.0000003	-0.000485	0.104942	-0.000001
1059.00	0.0000002	-0.002122	0.104940	-0.000001
1060.00	0.0000005	0.001010	0.104937	-0.000001
1061.00	0.0000003	-0.000130	0.104935	-0.000001
1062.00	-0.0000002	-0.001270	0.104933	-0.000001
1063.00	-0.0000005	0.003053	0.104930	-0.000001
1064.00	0.0000000	0.000473	0.104928	-0.000001
1065.00	0.0000005	-0.001760	0.104926	-0.000001
1066.00	-0.0000002	0.000676	0.104923	-0.000001
1067.00	-0.0000001	-0.003643	0.104921	-0.000001
1068.00	-0.0000004	-0.000809	0.104919	-0.000001
1069.00	0.0000000	-0.001999	0.104916	-0.000001
1070.00	0.0000005	0.001579	0.104914	-0.000001
1071.00	0.0000004	-0.000852	0.104912	-0.000001
1072.00	0.0000000	-0.001694	0.104910	-0.000001
1073.00	-0.0000005	-0.001990	0.104907	-0.000001
1074.00	0.0000000	0.000099	0.104905	-0.000001
1075.00	0.0000005	0.002187	0.104903	-0.000001
1076.00	0.0000005	0.001544	0.104900	-0.000001
1077.00	0.0000000	0.002490	0.104898	-0.000001
1078.00	-0.0000005	0.001449	0.104896	-0.000001
1079.00	0.0000000	0.002047	0.104893	-0.000001
1080.00	0.0000005	0.000410	0.104891	-0.000001
1081.00	0.0000005	0.002251	0.104889	-0.000001
1082.00	0.0000000	0.000713	0.104886	-0.000001
1083.00	-0.0000004	0.001659	0.104884	-0.000001
1084.00	0.0000000	0.004443	0.104882	-0.000001
1085.00	0.0000005	0.000472	0.104880	-0.000001
1086.00	0.0000005	0.001616	0.104877	-0.000001
1087.00	0.0000000	-0.000169	0.104875	-0.000001
1088.00	-0.0000002	0.002167	0.104873	-0.000001
1089.00	0.0000000	0.000233	0.104870	-0.000001
1090.00	0.0000005	0.000434	0.104868	-0.000001
1091.00	0.0000005	-0.001253	0.104866	-0.000001
1092.00	0.0000004	0.000537	0.104863	-0.000001
1093.00	0.0000005	-0.001149	0.104861	-0.000001
1094.00	0.0000010	0.003125	0.104859	-0.000001
1095.00	0.0000020	-0.002436	0.104857	-0.000001
1096.00	0.0000025	-0.000397	0.104854	-0.000001
1097.00	0.0000018	0.003380	0.104852	-0.000001
1098.00	0.0000006	-0.000392	0.104850	-0.000001
1099.00	-0.0000001	0.000802	0.104847	-0.000001
1100.00	0.0000005	-0.000239	0.104845	-0.000001
1101.00	0.0000005	-0.001379	0.104843	-0.000001
1102.00	0.0000005	-0.000963	0.104824	-0.000001
1103.00	0.0000005	0.001423	0.104822	-0.000001
1104.00	0.0000010	0.000035	0.104820	-0.000001
1105.00	0.0000006	-0.001205	0.104817	-0.000001
1106.00	0.0000006	0.000166	0.104787	-0.000001
1107.00	0.0000005	-0.001169	0.104782	-0.000001
1108.00	0.0000001	-0.001858	0.104776	-0.000001
1109.00	-0.0000000	-0.000909	0.104770	-0.000001
1110.00	0.0000005	0.000786	0.104764	-0.000001
1111.00	0.0000005	0.001239	0.104758	-0.000001
1112.00	0.0000005	0.003778	0.104752	-0.000001
1113.00	-0.0000000	0.000207	0.104747	-0.000001
1114.00	-0.0000001	0.002796	0.104741	-0.000001
1115.00	0.0000004	0.001411	0.104735	-0.000001
1116.00	0.0000004	-0.002905	0.104729	-0.000001
1117.00	0.0000003	-0.001061	0.104723	-0.000001
1118.00	-0.0000001	-0.001651	0.104718	-0.000001
1119.00	-0.0000001	-0.001149	0.104712	-0.000001
1120.00	0.0000004	0.000596	0.104706	-0.000001
1121.00	0.0000004	-0.000044	0.104700	-0.000001
1122.00	0.0000003	-0.000336	0.104694	-0.000001
1123.00	-0.0000001	-0.000231	0.104688	-0.000001
1124.00	0.0000003	0.001414	0.104683	-0.000001
1125.00	0.0000004	-0.000120	0.104677	-0.000001
1126.00	0.0000004	-0.000661	0.104671	-0.000001
1127.00	0.0000004	-0.000258	0.104665	-0.000001
1128.00	-0.0000001	0.000046	0.104659	-0.000001
1129.00	-0.0000001	-0.000147	0.104654	-0.000001
1130.00	0.0000004	-0.000836	0.104648	-0.000001
1131.00	0.0000004	-0.001178	0.104642	-0.000001
1132.00	0.0000004	-0.000874	0.104636	-0.000001
1133.00	-0.0000001	-0.001812	0.104630	-0.000001
1134.00	-0.0000002	-0.000962	0.104624	-0.000001
1135.00	0.0000003	-0.001701	0.104619	-0.000001
1136.00	0.0000003	0.000788	0.104613	-0.000001
1137.00	0.0000003	0.000198	0.104607	-0.000001
1138.00	-0.0000002	-0.000492	0.104601	-0.000001
1139.00	-0.0000002	-0.000883	0.104595	-0.000001
1140.00	0.0000003	-0.001175	0.104590	-0.000001
1141.00	0.0000004	0.000420	0.104584	-0.000001
1142.00	0.0000003	0.001816	0.104578	-0.000001
1143.00	-0.0000002	-0.000711	0.104572	-0.000001
1144.00	-0.0000000	-0.001500	0.104566	-0.000001
1145.00	0.0000005	0.002132	0.104560	-0.000001
1146.00	0.0000008	-0.000842	0.104555	-0.000001
1147.00	0.0000004	-0.003320	0.104549	-0.000001
1148.00	-0.0000001	-0.002222	0.104543	-0.000001
1149.00	0.0000003	0.000417	0.104537	-0.000001
1150.00	0.0000006	-0.000471	0.104531	-0.000001
1151.00	0.0000008	0.001571	0.104525	-0.000001
1152.00	0.0000008	-0.000460	0.104520	-0.000001
1153.00	0.0000005	-0.001447	0.104514	-0.000001
1154.00	0.0000004	0.000297	0.104508	-0.000001
1155.00	0.0000011	-0.001336	0.104502	-0.000001
1156.00	0.0000015	-0.002076	0.104496	-0.000001
1157.00	0.0000017	0.001010	0.104491	-0.000001
1158.00	0.0000017	0.000419	0.104485	-0.000001
1159.00	0.0000017	0.000922	0.104479	-0.000001
1160.00	0.0000021	0.000232	0.104473	-0.000001
1161.00	0.0000027	-0.002792	0.104467	-0.000001
1162.00	0.0000027	-0.001296	0.104461	-0.000001
1163.00	0.0000024	0.001641	0.104456	-0.000001
1164.00	0.0000018	0.001150	0.104450	-0.000001
1165.00	0.0000016	-0.000185	0.104444	-0.000001
1166.00	0.0000016	0.000218	0.104438	-0.000001
1167.00	0.0000017	0.000671	0.104432	-0.000001
1168.00	0.0000012	-0.000814	0.104427	-0.000001
1169.00	0.0000007	0.001924	0.104421	-0.000001
1170.00	0.0000002	-0.000852	0.104415	-0.000001
1171.00	0.0000003	0.000694	0.104409	-0.000001
1172.00	0.0000006	0.003431	0.104403	-0.000001
1173.00	0.0000007	0.000457	0.104397	-0.000001
1174.00	0.0000004	-0.000729	0.104392	-0.000001
1175.00	0.0000000	-0.002363	0.104386	-0.000001
1176.00	-0.0000002	-0.000519	0.104380	-0.000001
1177.00	0.0000001	0.002119	0.104374	-0.000001
1178.00	0.0000006	-0.000259	0.104368	-0.000001
1179.00	0.0000006	0.002330	0.104363	-0.000001
1180.00	0.0000005	-0.001986	0.104357	-0.000001
1181.00	0.0000001	0.003186	0.104351	-0.000001
1182.00	0.0000002	0.002546	0.104345	-0.000001
1183.00	0.0000007	0.001211	0.104339	-0.000001
1184.00	0.0000011	0.002359	0.104333	-0.000001
1185.00	0.0000006	-0.000765	0.104328	-0.000001
1186.00	0.0000002	0.000086	0.104322	-0.000001
1187.00	0.0000001	0.000539	0.104316	-0.000001
1188.00	0.0000001	0.002184	0.104310	-0.000001
1189.00	0.0000005	0.002587	0.104304	-0.000001
1190.00	-0.0000001	0.000705	0.104298	-0.000001
1191.00	-0.0000006	-0.001177	0.104293	-0.000001
1192.00	-0.0000004	0.001561	0.104287	-0.000001
1193.00	-0.0000004	-0.000569	0.104281	-0.000001
1194.00	0.0000001	-0.000215	0.104275	-0.000001
1195.00	0.0000001	0.000585	0.104269	-0.000001
1196.00	-0.0000001	-0.000651	0.104264	-0.000001
1197.00	-0.0000005	0.002782	0.104258	-0.000001
1198.00	-0.0000006	0.001099	0.104252	-0.000001
1199.00	-0.0000004	0.000906	0.104246	-0.000001
1200.00	0.0000000	0.000267	0.104240	-0.000001
