Bentham+Kilukarp+B487 datafile
2024-11-16 15:30:25
Slits: 1.000
Avg: 3
Comment: B full slot 0_1 (Johnson B)

00:00:03	-0.000001	0.102222	24.2	-1.5	4.3
00:03:09	0.000000	0.105351	24.2	-1.5	4.3
00:06:14	-0.000001	0.103017	24.2	-1.5	4.3
00:09:19	-0.000000	0.106891	24.2	-1.5	4.3
00:12:24	-0.000001	0.104606	24.2	-1.5	4.3
00:13:51	-0.000001	0.104010	24.2	-1.5	4.3

nm	b487	kilu
300.00	0.0000002	0.001710	0.102399	-0.000001
301.00	-0.0000002	0.001646	0.102414	-0.000001
302.00	-0.0000007	0.002675	0.102428	-0.000001
303.00	-0.0000002	0.001468	0.102442	-0.000001
304.00	0.0000003	0.002646	0.102457	-0.000001
305.00	0.0000002	0.002929	0.102471	-0.000001
306.00	-0.0000002	0.002220	0.102486	-0.000001
307.00	-0.0000007	0.001957	0.102501	-0.000001
308.00	-0.0000003	-0.000442	0.102515	-0.000001
309.00	0.0000002	0.001580	0.102530	-0.000001
310.00	0.0000003	0.002062	0.102544	-0.000001
311.00	-0.0000006	0.003345	0.102652	-0.000001
312.00	-0.0000003	0.001245	0.102666	-0.000001
313.00	0.0000001	0.003118	0.102681	-0.000001
314.00	0.0000002	0.002755	0.102695	-0.000001
315.00	-0.0000005	0.000307	0.102710	-0.000001
316.00	-0.0000005	0.004167	0.102724	-0.000001
317.00	-0.0000005	0.003209	0.102739	-0.000001
318.00	-0.0000002	0.002399	0.102753	-0.000001
319.00	0.0000002	0.002931	0.102768	-0.000001
320.00	0.0000001	0.001874	0.102782	-0.000001
321.00	-0.0000003	0.003200	0.102797	-0.000001
322.00	-0.0000005	0.003732	0.102811	-0.000001
323.00	-0.0000003	0.003320	0.102826	-0.000001
324.00	0.0000002	0.001965	0.102840	-0.000001
325.00	0.0000002	0.005973	0.102855	-0.000001
326.00	-0.0000003	0.004618	0.102869	-0.000001
327.00	-0.0000004	0.002070	0.102884	-0.000001
328.00	-0.0000003	0.002999	0.102898	-0.000001
329.00	0.0000001	0.002935	0.102913	-0.000001
330.00	0.0000002	0.001679	0.102927	-0.000001
331.00	-0.0000002	0.001515	0.102942	-0.000001
332.00	-0.0000006	0.002693	0.102956	-0.000001
333.00	-0.0000005	0.002380	0.102971	-0.000001
334.00	-0.0000001	0.000876	0.102985	-0.000001
335.00	0.0000002	0.003245	0.103000	-0.000001
336.00	0.0000001	0.002734	0.103015	-0.000001
337.00	-0.0000003	-0.001055	0.103029	-0.000001
338.00	-0.0000008	0.002556	0.103044	-0.000001
339.00	-0.0000004	0.001250	0.103058	-0.000001
340.00	0.0000001	0.003272	0.103073	-0.000001
341.00	0.0000001	0.001817	0.103087	-0.000001
342.00	-0.0000004	0.000809	0.103101	-0.000001
343.00	-0.0000009	0.001292	0.103116	-0.000001
344.00	-0.0000004	0.002022	0.103130	-0.000001
345.00	0.0000001	-0.000178	0.103145	-0.000001
346.00	0.0000001	0.003583	0.103159	-0.000001
347.00	-0.0000004	-0.000455	0.103174	-0.000001
348.00	-0.0000008	0.001318	0.103189	-0.000001
349.00	-0.0000004	0.001602	0.103203	-0.000001
350.00	0.0000001	0.000793	0.103218	-0.000001
351.00	0.0000001	0.001374	0.103232	-0.000001
352.00	-0.0000004	0.003396	0.103247	-0.000001
353.00	-0.0000009	0.001742	0.103261	-0.000001
354.00	-0.0000004	0.001132	0.103276	-0.000001
355.00	0.0000001	0.002160	0.103290	-0.000001
356.00	0.0000001	0.003139	0.103305	-0.000001
357.00	-0.0000003	0.003323	0.103319	-0.000001
358.00	-0.0000009	0.002167	0.103334	-0.000001
359.00	-0.0000004	0.002599	0.103348	-0.000001
360.00	0.0000001	0.002386	0.103363	-0.000001
361.00	0.0000001	0.001279	0.103377	-0.000001
362.00	-0.0000006	0.001264	0.103392	-0.000001
363.00	-0.0000008	0.002342	0.103406	-0.000001
364.00	-0.0000004	0.001036	0.103421	-0.000001
365.00	0.0000000	0.004350	0.103435	-0.000001
366.00	-0.0000005	0.005478	0.103450	-0.000001
367.00	-0.0000007	0.005562	0.103464	-0.000001
368.00	-0.0000008	0.002617	0.103479	-0.000001
369.00	-0.0000004	0.002653	0.103493	-0.000001
370.00	0.0000000	0.004426	0.103508	-0.000001
371.00	-0.0000004	0.003518	0.103522	-0.000001
372.00	-0.0000009	0.003950	0.103537	-0.000001
373.00	-0.0000008	0.003638	0.103552	-0.000001
374.00	-0.0000002	0.002928	0.103566	-0.000000
375.00	-0.0000000	0.001920	0.103581	-0.000000
376.00	-0.0000004	0.002650	0.103595	-0.000000
377.00	-0.0000010	0.002338	0.103610	-0.000000
378.00	-0.0000006	0.000982	0.103624	-0.000000
379.00	-0.0000001	0.002209	0.103639	-0.000000
380.00	-0.0000000	0.005026	0.103653	-0.000000
381.00	-0.0000000	0.002528	0.103668	-0.000000
382.00	0.0000003	0.002017	0.103682	-0.000000
383.00	0.0000025	0.003989	0.103697	-0.000000
384.00	0.0000136	0.005614	0.103711	-0.000000
385.00	0.0000249	0.002172	0.103726	-0.000000
386.00	0.0000365	0.003945	0.103740	-0.000000
387.00	0.0001701	0.003087	0.103755	-0.000000
388.00	0.0018549	0.004065	0.103769	-0.000000
389.00	0.0050756	0.001269	0.103784	-0.000000
390.00	0.0058979	0.000907	0.103798	-0.000000
391.00	0.0070544	0.001290	0.103813	-0.000000
392.00	0.0079061	0.002716	0.103827	-0.000000
393.00	0.0086893	0.002304	0.103842	-0.000000
394.00	0.0093973	0.038546	0.103859	-0.000000
395.00	0.0103183	0.000733	0.103874	-0.000000
396.00	0.0114720	0.002009	0.103888	-0.000000
397.00	0.0129458	0.001796	0.103903	-0.000000
398.00	0.0148880	0.000788	0.103917	-0.000000
399.00	0.0162559	0.002314	0.103932	-0.000000
400.00	0.0136447	0.001630	0.103969	-0.000000
401.00	0.0137802	0.004695	0.103984	-0.000000
402.00	0.0139686	0.005575	0.103998	-0.000000
403.00	0.0143702	0.001189	0.104013	-0.000000
404.00	0.0149572	-0.000067	0.104028	-0.000000
405.00	0.0156392	0.004389	0.104042	-0.000000
406.00	0.0164390	0.000550	0.104057	-0.000000
407.00	0.0172264	0.003714	0.104071	-0.000000
408.00	0.0178916	0.002060	0.104086	-0.000000
409.00	0.0187849	0.000456	0.104100	-0.000000
410.00	0.0199674	0.002826	0.104115	-0.000000
411.00	0.0211186	0.000924	0.104129	-0.000000
412.00	0.0224431	0.001704	0.104144	-0.000000
413.00	0.0237458	0.000895	0.104158	-0.000000
414.00	0.0245319	0.004159	0.104173	-0.000000
415.00	0.0248807	0.005187	0.104187	-0.000000
416.00	0.0251423	0.002739	0.104202	-0.000000
417.00	0.0251162	0.004165	0.104216	-0.000000
418.00	0.0250302	0.001369	0.104231	-0.000000
419.00	0.0255397	0.001156	0.104245	-0.000000
420.00	0.0267527	0.000048	0.104260	-0.000000
421.00	0.0281649	0.003163	0.104274	-0.000000
422.00	0.0296200	-0.000676	0.104289	-0.000000
423.00	0.0310674	0.002339	0.104303	-0.000000
424.00	0.0318648	0.002772	0.104318	-0.000000
425.00	0.0317165	0.002360	0.104332	-0.000000
426.00	0.0314175	0.003388	0.104347	-0.000000
427.00	0.0316393	0.003523	0.104361	-0.000000
428.00	0.0324306	0.000280	0.104376	-0.000000
429.00	0.0332618	0.002749	0.104391	-0.000000
430.00	0.0345933	0.000648	0.104405	-0.000000
431.00	0.0360719	0.001279	0.104420	-0.000000
432.00	0.0366487	-0.000225	0.104434	-0.000000
433.00	0.0362849	0.001846	0.104449	-0.000000
434.00	0.0357455	0.003422	0.104463	-0.000000
435.00	0.0354764	0.001122	0.104477	-0.000000
436.00	0.0352646	0.002647	0.104492	-0.000000
437.00	0.0351350	0.004669	0.104506	-0.000000
438.00	0.0354604	0.001824	0.104521	-0.000000
439.00	0.0362677	0.002902	0.104535	-0.000000
440.00	0.0370551	0.000255	0.104550	-0.000000
441.00	0.0374896	0.002426	0.104564	-0.000000
442.00	0.0378098	-0.000519	0.104579	-0.000000
443.00	0.0381872	0.002596	0.104594	-0.000000
444.00	0.0384999	0.000793	0.104608	-0.000000
445.00	0.0386818	0.003163	0.104623	-0.000000
446.00	0.0390005	0.002403	0.104637	-0.000000
447.00	0.0396005	0.004375	0.104652	-0.000000
448.00	0.0400530	0.002970	0.104666	-0.000000
449.00	0.0398835	0.000770	0.104681	-0.000000
450.00	0.0391602	0.000706	0.104695	-0.000000
451.00	0.0383753	0.001238	0.104710	-0.000000
452.00	0.0378421	0.001422	0.104724	-0.000000
453.00	0.0376403	0.003444	0.104739	-0.000000
454.00	0.0378446	0.004125	0.104753	-0.000000
455.00	0.0386320	0.002272	0.104768	-0.000000
456.00	0.0398905	0.002307	0.104782	-0.000000
457.00	0.0412220	-0.000538	0.104797	-0.000000
458.00	0.0422346	0.000341	0.104811	-0.000000
459.00	0.0428765	0.000178	0.104826	-0.000000
460.00	0.0435878	0.003392	0.104840	-0.000000
461.00	0.0444587	0.000546	0.104855	-0.000000
462.00	0.0453220	0.004257	0.104869	-0.000000
463.00	0.0460010	0.000964	0.104884	-0.000000
464.00	0.0465765	0.004029	0.104898	-0.000000
465.00	0.0471073	0.001779	0.104913	-0.000000
466.00	0.0474870	0.000722	0.104927	-0.000000
467.00	0.0474820	-0.000336	0.104942	-0.000000
468.00	0.0471083	0.001040	0.104957	-0.000000
469.00	0.0466301	0.000132	0.104971	-0.000000
470.00	0.0462651	0.003942	0.104986	-0.000000
471.00	0.0460084	0.002040	0.105000	-0.000000
472.00	0.0456247	0.002969	0.105015	-0.000000
473.00	0.0450354	0.001017	0.105029	-0.000000
474.00	0.0442438	-0.001381	0.105044	-0.000000
475.00	0.0433000	0.001187	0.105058	-0.000000
476.00	0.0421309	0.000328	0.105073	-0.000000
477.00	0.0408482	0.001158	0.105087	-0.000000
478.00	0.0396335	0.003478	0.105102	-0.000000
479.00	0.0387427	0.001973	0.105116	-0.000000
480.00	0.0382506	0.000568	0.105131	-0.000000
481.00	0.0379952	0.003385	0.105145	-0.000000
482.00	0.0375517	0.002178	0.105160	-0.000000
483.00	0.0366697	0.000078	0.105174	-0.000000
484.00	0.0353805	0.002447	0.105189	-0.000000
485.00	0.0338466	0.001787	0.105203	-0.000000
486.00	0.0324603	-0.003641	0.105218	-0.000000
487.00	0.0314011	-0.003159	0.105232	-0.000000
488.00	0.0308541	0.002240	0.105247	-0.000000
489.00	0.0309065	0.000239	0.105261	-0.000000
490.00	0.0315991	-0.000769	0.105276	-0.000000
491.00	0.0327104	0.001918	0.105321	-0.000000
492.00	0.0338914	0.002525	0.105310	-0.000000
493.00	0.0344533	0.000400	0.105299	-0.000000
494.00	0.0339014	-0.000881	0.105288	-0.000000
495.00	0.0322151	0.002657	0.105277	-0.000000
496.00	0.0299546	-0.000611	0.105267	-0.000000
497.00	0.0276992	-0.002487	0.105256	-0.000000
498.00	0.0259042	-0.001682	0.105245	-0.000000
499.00	0.0247708	-0.000827	0.105234	-0.000000
500.00	0.0243011	0.000972	0.105223	-0.000000
501.00	0.0243372	-0.002146	0.105212	-0.000000
502.00	0.0245565	-0.000496	0.105201	-0.000000
503.00	0.0245418	-0.000733	0.105191	-0.000000
504.00	0.0238192	-0.001666	0.105180	-0.000000
505.00	0.0222894	-0.001010	0.105169	-0.000000
506.00	0.0202492	-0.001148	0.105158	-0.000000
507.00	0.0180964	-0.002677	0.105147	-0.000000
508.00	0.0163490	-0.000679	0.105136	-0.000000
509.00	0.0151331	0.000077	0.105126	-0.000000
510.00	0.0144504	-0.003141	0.105115	-0.000000
511.00	0.0141439	-0.002286	0.105104	-0.000000
512.00	0.0139453	-0.000437	0.105093	-0.000000
513.00	0.0135337	-0.000426	0.105082	-0.000000
514.00	0.0126008	-0.002204	0.105071	-0.000000
515.00	0.0112065	-0.000752	0.105060	-0.000000
516.00	0.0096540	0.001941	0.105050	-0.000000
517.00	0.0082474	0.001356	0.105039	-0.000000
518.00	0.0072757	0.002658	0.105028	-0.000000
519.00	0.0068559	-0.000858	0.105017	-0.000000
520.00	0.0070340	-0.001294	0.105006	-0.000000
521.00	0.0078675	0.000902	0.104995	-0.000000
522.00	0.0087827	-0.001223	0.104984	-0.000000
523.00	0.0080352	-0.001460	0.104974	-0.000000
524.00	0.0052050	0.036054	0.104961	-0.000000
525.00	0.0026608	-0.000642	0.104950	-0.000000
526.00	0.0013255	0.001058	0.104939	-0.000000
527.00	0.0007142	-0.001613	0.104928	-0.000000
528.00	0.0004235	-0.000113	0.104917	-0.000000
529.00	0.0002712	-0.000946	0.104907	-0.000000
530.00	0.0001848	0.000754	0.104896	-0.000000
531.00	0.0001340	0.001957	0.104885	-0.000000
532.00	0.0001031	0.002911	0.104874	-0.000000
533.00	0.0000855	-0.003038	0.104863	-0.000000
534.00	0.0000763	-0.002879	0.104852	-0.000000
535.00	0.0000734	-0.001129	0.104841	-0.000000
536.00	0.0000767	-0.000473	0.104831	-0.000000
537.00	0.0000886	-0.000661	0.104820	-0.000000
538.00	0.0001178	0.001039	0.104809	-0.000000
539.00	0.0001816	-0.001632	0.104798	-0.000000
540.00	0.0002560	0.000216	0.104787	-0.000000
541.00	0.0002079	0.000923	0.104776	-0.000000
542.00	0.0000933	-0.001103	0.104765	-0.000000
543.00	0.0000360	0.000448	0.104755	-0.000000
544.00	0.0000156	-0.002472	0.104744	-0.000000
545.00	0.0000081	-0.000623	0.104733	-0.000000
546.00	0.0000046	0.000530	0.104722	-0.000000
547.00	0.0000023	-0.001148	0.104711	-0.000000
548.00	0.0000007	0.000105	0.104700	-0.000000
549.00	0.0000004	0.000513	0.104689	-0.000000
550.00	0.0000005	0.001269	0.104679	-0.000000
551.00	0.0000002	0.002968	0.104668	-0.000000
552.00	-0.0000002	-0.000150	0.104657	-0.000000
553.00	-0.0000008	-0.000090	0.104646	-0.000000
554.00	-0.0000007	0.000915	0.104635	-0.000000
555.00	-0.0000003	-0.001508	0.104624	-0.000000
556.00	-0.0000003	-0.000554	0.104614	-0.000000
557.00	-0.0000005	-0.001983	0.104603	-0.000000
558.00	-0.0000008	0.000312	0.104592	-0.000000
559.00	-0.0000008	0.000373	0.104581	-0.000000
560.00	-0.0000006	-0.001603	0.104570	-0.000000
561.00	-0.0000003	0.001189	0.104559	-0.000000
562.00	-0.0000003	-0.001134	0.104548	-0.000000
563.00	-0.0000008	-0.000229	0.104538	-0.000000
564.00	-0.0000012	-0.000467	0.104527	-0.000000
565.00	-0.0000007	-0.000456	0.104516	-0.000000
566.00	-0.0000003	-0.001935	0.104505	-0.000000
567.00	-0.0000003	-0.001428	0.104494	-0.000000
568.00	-0.0000008	-0.000076	0.104483	-0.000000
569.00	-0.0000013	0.000233	0.104472	-0.000000
570.00	-0.0000008	0.001436	0.104462	-0.000000
571.00	-0.0000003	0.000056	0.104451	-0.000000
572.00	-0.0000003	0.002650	0.104440	-0.000000
573.00	-0.0000008	-0.002158	0.104429	-0.000000
574.00	-0.0000010	0.000983	0.104418	-0.000000
575.00	-0.0000008	0.000894	0.104408	-0.000000
576.00	-0.0000003	0.001799	0.104397	-0.000000
577.00	-0.0000003	0.001462	0.104386	-0.000000
578.00	-0.0000006	0.002119	0.104375	-0.000000
579.00	-0.0000007	0.001136	0.104364	-0.000000
580.00	-0.0000007	0.000054	0.104353	-0.000000
581.00	-0.0000002	0.000264	0.104342	-0.000000
582.00	-0.0000002	-0.002507	0.104332	-0.000000
583.00	-0.0000004	0.000732	0.104321	-0.000000
584.00	-0.0000007	0.001538	0.104310	-0.000000
585.00	-0.0000007	0.002791	0.104299	-0.000000
586.00	-0.0000002	0.001808	0.104288	-0.000000
587.00	0.0000003	0.001173	0.104277	-0.000000
588.00	0.0000000	-0.002491	0.104266	-0.000000
589.00	-0.0000002	0.001096	0.104256	-0.000000
590.00	0.0000003	0.001305	0.104245	-0.000000
591.00	0.0000013	0.001912	0.104234	-0.000000
592.00	0.0000018	0.003065	0.104223	-0.000000
593.00	0.0000008	0.002033	0.104212	-0.000000
594.00	-0.0000002	0.003981	0.104201	-0.000000
595.00	-0.0000007	0.002253	0.104190	-0.000000
596.00	-0.0000004	-0.000020	0.104180	-0.000000
597.00	-0.0000002	0.000984	0.104169	-0.000000
598.00	-0.0000002	0.001591	0.104158	-0.000000
599.00	-0.0000007	-0.002173	0.104147	-0.000000
600.00	-0.0000011	-0.000722	0.104136	-0.000000
601.00	-0.0000007	0.000630	0.104125	-0.000000
602.00	-0.0000002	0.002826	0.104115	-0.000000
603.00	-0.0000005	0.001546	0.104104	-0.000000
604.00	-0.0000009	0.000563	0.104093	-0.000000
605.00	-0.0000010	0.003107	0.104082	-0.000000
606.00	-0.0000007	0.004260	0.104071	-0.000000
607.00	-0.0000002	0.000397	0.104060	-0.000000
608.00	-0.0000005	0.000010	0.104049	-0.000000
609.00	-0.0000010	0.002008	0.104039	-0.000000
610.00	-0.0000010	0.002416	0.104028	-0.000000
611.00	-0.0000004	0.002179	0.104017	-0.000000
612.00	-0.0000002	0.002140	0.104006	-0.000000
613.00	-0.0000006	-0.000084	0.103995	-0.000000
614.00	-0.0000010	0.002609	0.103984	-0.000000
615.00	-0.0000013	0.000533	0.103973	-0.000000
616.00	-0.0000005	0.003276	0.103963	-0.000000
617.00	-0.0000001	-0.001084	0.103952	-0.000000
618.00	-0.0000005	0.000615	0.103941	-0.000000
619.00	-0.0000010	0.000577	0.103930	-0.000000
620.00	-0.0000014	0.002127	0.103919	-0.000000
621.00	-0.0000004	0.001244	0.103909	-0.000000
622.00	-0.0000001	0.001007	0.103898	-0.000000
623.00	-0.0000006	-0.000075	0.103887	-0.000000
624.00	-0.0000011	0.001575	0.103876	-0.000000
625.00	-0.0000006	0.002430	0.103865	-0.000000
626.00	-0.0000002	-0.000242	0.103854	-0.000000
627.00	-0.0000002	0.001806	0.103843	-0.000000
628.00	-0.0000006	0.002959	0.103833	-0.000000
629.00	-0.0000011	0.000337	0.103822	-0.000000
630.00	-0.0000011	-0.000695	0.103811	-0.000000
631.00	-0.0000006	-0.000237	0.103800	-0.000000
632.00	-0.0000001	0.000767	0.103789	-0.000000
633.00	-0.0000006	-0.000017	0.103778	-0.000000
634.00	-0.0000011	0.000690	0.103767	-0.000000
635.00	-0.0000006	0.002985	0.103757	-0.000000
636.00	-0.0000001	0.000513	0.103746	-0.000000
637.00	-0.0000002	0.000871	0.103735	-0.000000
638.00	-0.0000006	0.001279	0.103724	-0.000000
639.00	-0.0000010	0.001191	0.103713	-0.000000
640.00	-0.0000006	-0.000934	0.103702	-0.000000
641.00	-0.0000001	-0.000178	0.103691	-0.000000
642.00	-0.0000002	0.001472	0.103681	-0.000000
643.00	-0.0000006	-0.000454	0.103670	-0.000000
644.00	-0.0000008	0.002388	0.103659	-0.000000
645.00	-0.0000004	0.000263	0.103648	-0.000000
646.00	-0.0000001	0.000472	0.103637	-0.000000
647.00	-0.0000001	0.001228	0.103626	-0.000000
648.00	-0.0000006	0.000693	0.103616	-0.000000
649.00	-0.0000005	0.001349	0.103605	-0.000000
650.00	-0.0000001	0.002800	0.103594	-0.000000
651.00	-0.0000000	0.001123	0.103583	-0.000000
652.00	-0.0000000	0.003766	0.103572	-0.000000
653.00	-0.0000004	0.002833	0.103561	-0.000000
654.00	-0.0000002	0.002099	0.103550	-0.000000
655.00	0.0000005	0.003053	0.103540	-0.000000
656.00	0.0000010	0.001028	0.103529	-0.000000
657.00	0.0000015	0.001188	0.103518	-0.000000
658.00	0.0000025	-0.000292	0.103507	-0.000000
659.00	0.0000041	-0.000380	0.103496	-0.000000
660.00	0.0000064	0.003108	0.103485	-0.000000
661.00	0.0000072	0.000138	0.103474	-0.000000
662.00	0.0000065	0.001490	0.103464	-0.000000
663.00	0.0000050	0.001451	0.103453	-0.000000
664.00	0.0000045	0.004244	0.103442	-0.000000
665.00	0.0000040	0.001721	0.103431	-0.000000
666.00	0.0000035	0.002229	0.103420	-0.000000
667.00	0.0000026	0.001991	0.103410	-0.000000
668.00	0.0000025	0.002896	0.103399	-0.000001
669.00	0.0000030	0.002162	0.103388	-0.000001
670.00	0.0000035	0.005998	0.103377	-0.000001
671.00	0.0000034	0.000594	0.103366	-0.000001
672.00	0.0000030	-0.000041	0.103355	-0.000001
673.00	0.0000033	-0.000328	0.103344	-0.000001
674.00	0.0000035	0.004352	0.103334	-0.000001
675.00	0.0000030	0.004760	0.103323	-0.000001
676.00	0.0000017	0.002834	0.103312	-0.000001
677.00	0.0000015	0.002100	0.103301	-0.000001
678.00	0.0000014	0.001266	0.103290	-0.000001
679.00	0.0000015	0.001973	0.103279	-0.000001
680.00	0.0000010	0.002877	0.103268	-0.000001
681.00	0.0000005	-0.000142	0.103258	-0.000001
682.00	0.0000005	0.001806	0.103247	-0.000001
683.00	0.0000009	0.002165	0.103236	-0.000001
684.00	0.0000010	0.000686	0.103225	-0.000001
685.00	0.0000010	0.000846	0.103214	-0.000001
686.00	0.0000010	0.003638	0.103203	-0.000001
687.00	0.0000016	0.001463	0.103193	-0.000001
688.00	0.0000026	0.003362	0.103182	-0.000001
689.00	0.0000031	0.003671	0.103171	-0.000001
690.00	0.0000027	0.003632	0.103160	-0.000001
691.00	0.0000021	0.003742	0.103149	-0.000001
692.00	0.0000021	0.001021	0.103138	-0.000001
693.00	0.0000021	0.002522	0.103127	-0.000001
694.00	0.0000018	0.001341	0.103117	-0.000001
695.00	0.0000009	0.000159	0.103106	-0.000001
696.00	0.0000011	-0.000923	0.103095	-0.000001
697.00	0.0000018	0.000330	0.103084	-0.000001
698.00	0.0000022	-0.002093	0.103073	-0.000001
699.00	0.0000025	-0.001640	0.103067	-0.000001
700.00	0.0000034	-0.000047	0.103114	-0.000001
701.00	0.0000039	0.000332	0.103132	-0.000001
702.00	0.0000046	-0.003908	0.103150	-0.000001
703.00	0.0000048	0.000197	0.103168	-0.000001
704.00	0.0000041	-0.001212	0.103186	-0.000001
705.00	0.0000028	0.001254	0.103203	-0.000001
706.00	0.0000016	0.002527	0.103221	-0.000001
707.00	0.0000013	-0.002358	0.103239	-0.000001
708.00	0.0000016	-0.002972	0.103257	-0.000001
709.00	0.0000014	0.000139	0.103275	-0.000001
710.00	0.0000010	0.000618	0.103293	-0.000001
711.00	0.0000006	0.001097	0.103311	-0.000001
712.00	0.0000009	-0.001157	0.103329	-0.000001
713.00	0.0000016	-0.000827	0.103347	-0.000001
714.00	0.0000016	-0.000845	0.103365	-0.000001
715.00	0.0000016	-0.002353	0.103383	-0.000001
716.00	0.0000016	-0.000086	0.103401	-0.000001
717.00	0.0000016	-0.000501	0.103419	-0.000001
718.00	0.0000021	-0.001463	0.103437	-0.000001
719.00	0.0000016	0.001052	0.103455	-0.000001
720.00	0.0000007	0.000935	0.103473	-0.000001
721.00	0.0000005	-0.001120	0.103491	-0.000001
722.00	0.0000006	0.001048	0.103508	-0.000001
723.00	0.0000006	-0.000013	0.103526	-0.000001
724.00	0.0000003	0.001161	0.103544	-0.000001
725.00	0.0000001	-0.001837	0.103562	-0.000001
726.00	0.0000003	-0.000017	0.103580	-0.000001
727.00	0.0000009	0.000114	0.103598	-0.000001
728.00	0.0000011	0.001238	0.103616	-0.000001
729.00	0.0000010	0.002363	0.103634	-0.000001
730.00	0.0000016	0.002643	0.103652	-0.000001
731.00	0.0000032	-0.000852	0.103670	-0.000001
732.00	0.0000056	0.001166	0.103688	-0.000001
733.00	0.0000071	-0.000193	0.103706	-0.000001
734.00	0.0000063	0.000981	0.103724	-0.000001
735.00	0.0000046	-0.000676	0.103742	-0.000001
736.00	0.0000036	0.001293	0.103760	-0.000001
737.00	0.0000026	-0.000910	0.103778	-0.000001
738.00	0.0000019	-0.000928	0.103796	-0.000001
739.00	0.0000011	0.003723	0.103814	-0.000001
740.00	0.0000011	-0.000318	0.103832	-0.000001
741.00	0.0000014	0.002644	0.103850	-0.000001
742.00	0.0000016	-0.001596	0.103868	-0.000001
743.00	0.0000011	-0.000670	0.103886	-0.000001
744.00	0.0000004	0.001150	0.103904	-0.000001
745.00	0.0000010	-0.003438	0.103922	-0.000001
746.00	0.0000011	0.001014	0.103940	-0.000001
747.00	0.0000006	0.002238	0.103958	-0.000001
748.00	-0.0000002	0.001078	0.103975	-0.000001
749.00	-0.0000004	0.001656	0.103993	-0.000001
750.00	0.0000001	-0.001491	0.104011	-0.000001
751.00	0.0000001	-0.002055	0.104029	-0.000001
752.00	-0.0000001	0.001602	0.104047	-0.000001
753.00	-0.0000006	0.000790	0.104065	-0.000001
754.00	-0.0000006	-0.002010	0.104083	-0.000001
755.00	-0.0000005	0.001002	0.104101	-0.000001
756.00	0.0000001	0.001034	0.104119	-0.000001
757.00	-0.0000004	-0.001865	0.104137	-0.000001
758.00	-0.0000008	-0.000095	0.104155	-0.000001
759.00	-0.0000004	0.000682	0.104173	-0.000001
760.00	0.0000001	0.001409	0.104191	-0.000001
761.00	-0.0000001	0.001540	0.104209	-0.000001
762.00	-0.0000004	0.003608	0.104227	-0.000001
763.00	-0.0000008	0.000958	0.104245	-0.000001
764.00	-0.0000007	0.000244	0.104263	-0.000001
765.00	0.0000001	0.000276	0.104280	-0.000001
766.00	-0.0000001	-0.001381	0.104298	-0.000001
767.00	-0.0000004	-0.001250	0.104316	-0.000001
768.00	-0.0000004	0.001812	0.104334	-0.000001
769.00	0.0000001	-0.001435	0.104352	-0.000001
770.00	0.0000002	-0.000559	0.104370	-0.000001
771.00	-0.0000002	-0.002862	0.104388	-0.000001
772.00	-0.0000004	-0.002731	0.104406	-0.000001
773.00	-0.0000000	-0.002153	0.104424	-0.000001
774.00	0.0000001	-0.001574	0.104442	-0.000001
775.00	0.0000001	-0.000251	0.104460	-0.000001
776.00	-0.0000004	-0.001263	0.104478	-0.000001
777.00	-0.0000004	0.000607	0.104496	-0.000001
778.00	-0.0000001	-0.000007	0.104514	-0.000001
779.00	0.0000001	-0.002260	0.104532	-0.000001
780.00	-0.0000001	-0.001235	0.104550	-0.000001
781.00	-0.0000004	0.000187	0.104568	-0.000001
782.00	-0.0000004	0.000120	0.104586	-0.000001
783.00	0.0000001	0.000499	0.104604	-0.000001
784.00	0.0000001	-0.000214	0.104622	-0.000001
785.00	0.0000001	-0.000133	0.104640	-0.000001
786.00	0.0000001	-0.000747	0.104658	-0.000001
787.00	0.0000009	-0.000616	0.104676	-0.000001
788.00	0.0000032	-0.000087	0.104694	-0.000001
789.00	0.0000080	-0.000403	0.104712	-0.000001
790.00	0.0000080	-0.000223	0.104730	-0.000001
791.00	0.0000035	-0.001780	0.104747	-0.000001
792.00	0.0000016	0.002523	0.104765	-0.000001
793.00	0.0000011	0.000667	0.104783	-0.000001
794.00	0.0000005	0.001196	0.104801	-0.000001
795.00	0.0000001	-0.000461	0.104819	-0.000001
796.00	-0.0000001	-0.002367	0.104837	-0.000001
797.00	0.0000003	-0.000348	0.104855	-0.000001
798.00	0.0000006	-0.000316	0.104873	-0.000001
799.00	0.0000001	0.000162	0.104891	-0.000001
800.00	-0.0000001	-0.000998	0.104909	-0.000001
801.00	0.0000002	0.003206	0.104927	-0.000001
802.00	0.0000005	-0.000239	0.104945	-0.000001
803.00	0.0000005	0.000885	0.104963	-0.000001
804.00	0.0000000	0.001066	0.104981	-0.000001
805.00	-0.0000004	0.000104	0.104999	-0.000001
806.00	-0.0000001	-0.000311	0.105017	-0.000001
807.00	0.0000000	-0.000627	0.105035	-0.000001
808.00	-0.0000002	-0.002284	0.105052	-0.000001
809.00	-0.0000007	-0.001358	0.105070	-0.000001
810.00	-0.0000005	-0.002221	0.105088	-0.000001
811.00	-0.0000005	-0.001792	0.105106	-0.000001
812.00	0.0000000	-0.000766	0.105124	-0.000001
813.00	-0.0000005	-0.001480	0.105142	-0.000001
814.00	-0.0000010	-0.000355	0.105160	-0.000001
815.00	-0.0000005	0.000471	0.105178	-0.000001
816.00	0.0000000	0.001049	0.105196	-0.000001
817.00	-0.0000001	-0.000211	0.105214	-0.000001
818.00	-0.0000007	0.001212	0.105232	-0.000001
819.00	-0.0000007	0.001939	0.105250	-0.000001
820.00	-0.0000002	-0.002202	0.105268	-0.000001
821.00	0.0000000	0.000661	0.105286	-0.000001
822.00	-0.0000005	-0.000698	0.105304	-0.000001
823.00	-0.0000012	0.000427	0.105322	-0.000001
824.00	-0.0000005	-0.002124	0.105340	-0.000001
825.00	0.0000000	-0.000752	0.105358	-0.000001
826.00	-0.0000001	0.000671	0.105376	-0.000001
827.00	-0.0000005	-0.000986	0.105394	-0.000001
828.00	-0.0000005	0.000337	0.105412	-0.000001
829.00	0.0000000	-0.002214	0.105430	-0.000001
830.00	0.0000005	0.000301	0.105448	-0.000001
831.00	0.0000009	-0.002648	0.105466	-0.000001
832.00	0.0000015	-0.002815	0.105484	-0.000001
833.00	0.0000048	-0.002832	0.105501	-0.000001
834.00	0.0000105	0.000527	0.105519	-0.000001
835.00	0.0000165	-0.004508	0.105537	-0.000001
836.00	0.0000161	-0.000204	0.105555	-0.000001
837.00	0.0000091	-0.003103	0.105573	-0.000001
838.00	0.0000040	-0.001730	0.105591	-0.000001
839.00	0.0000015	0.000338	0.105609	-0.000001
840.00	0.0000005	0.001165	0.105627	-0.000001
841.00	-0.0000004	-0.003622	0.105645	-0.000001
842.00	-0.0000005	-0.001007	0.105663	-0.000001
843.00	-0.0000001	-0.000379	0.105681	-0.000001
844.00	0.0000000	-0.002136	0.105699	-0.000001
845.00	-0.0000005	-0.000514	0.105717	-0.000001
846.00	-0.0000010	-0.002718	0.105735	-0.000001
847.00	-0.0000006	-0.001593	0.105753	-0.000001
848.00	-0.0000002	-0.000916	0.105771	-0.000001
849.00	0.0000000	0.000655	0.105789	-0.000001
850.00	-0.0000005	0.000936	0.105806	-0.000001
851.00	-0.0000010	-0.000821	0.105824	-0.000001
852.00	-0.0000010	-0.004813	0.105842	-0.000001
853.00	0.0000000	-0.001205	0.105860	-0.000001
854.00	-0.0000001	-0.000875	0.105878	-0.000001
855.00	-0.0000005	-0.000694	0.105896	-0.000001
856.00	-0.0000010	0.000232	0.105914	-0.000001
857.00	-0.0000005	-0.000780	0.105932	-0.000001
858.00	0.0000000	-0.002685	0.105950	-0.000001
859.00	-0.0000002	0.002413	0.105968	-0.000001
860.00	-0.0000006	0.000508	0.105986	-0.000001
861.00	-0.0000007	-0.002342	0.106004	-0.000001
862.00	-0.0000005	0.000521	0.106022	-0.000001
863.00	0.0000000	0.000056	0.106040	-0.000001
864.00	0.0000000	-0.001104	0.106058	-0.000001
865.00	-0.0000002	0.001361	0.106076	-0.000001
866.00	0.0000000	-0.000097	0.106094	-0.000001
867.00	-0.0000001	-0.001357	0.106112	-0.000001
868.00	0.0000000	-0.001325	0.106130	-0.000001
869.00	-0.0000004	-0.001641	0.106148	-0.000001
870.00	-0.0000006	-0.001262	0.106166	-0.000001
871.00	-0.0000009	-0.001776	0.106184	-0.000001
872.00	-0.0000004	-0.001744	0.106202	-0.000001
873.00	0.0000000	0.002658	0.106220	-0.000001
874.00	-0.0000005	-0.002128	0.106238	-0.000001
875.00	-0.0000007	-0.001004	0.106256	-0.000001
876.00	-0.0000009	-0.003108	0.106273	-0.000001
877.00	-0.0000004	-0.001785	0.106291	-0.000001
878.00	0.0000000	-0.000710	0.106309	-0.000001
879.00	-0.0000002	-0.000777	0.106327	-0.000001
880.00	-0.0000007	-0.002931	0.106345	-0.000001
881.00	-0.0000010	-0.002204	0.106363	-0.000001
882.00	-0.0000005	-0.003414	0.106381	-0.000001
883.00	0.0000000	-0.000998	0.106399	-0.000001
884.00	-0.0000003	-0.003997	0.106417	-0.000001
885.00	-0.0000007	0.000804	0.106435	-0.000001
886.00	-0.0000010	-0.001400	0.106453	-0.000001
887.00	-0.0000005	-0.002113	0.106471	-0.000001
888.00	0.0000000	-0.001386	0.106489	-0.000001
889.00	-0.0000007	-0.001006	0.106507	-0.000001
890.00	-0.0000006	-0.004054	0.106525	-0.000001
891.00	-0.0000010	-0.001390	0.106543	-0.000001
892.00	-0.0000005	-0.002650	0.106561	-0.000001
893.00	0.0000000	-0.003015	0.106578	-0.000001
894.00	-0.0000002	-0.003778	0.106596	-0.000001
895.00	-0.0000005	-0.000121	0.106614	-0.000001
896.00	-0.0000010	-0.004460	0.106632	-0.000001
897.00	-0.0000005	-0.003187	0.106650	-0.000001
898.00	-0.0000002	-0.002807	0.106668	-0.000001
899.00	0.0000000	-0.001732	0.106686	-0.000001
900.00	-0.0000002	-0.003439	0.106704	-0.000001
901.00	-0.0000006	-0.002265	0.106722	-0.000001
902.00	-0.0000010	-0.000743	0.106740	-0.000001
903.00	-0.0000005	-0.001854	0.106758	-0.000001
904.00	0.0000000	-0.006839	0.106776	-0.000001
905.00	0.0000000	-0.003132	0.106794	-0.000001
906.00	-0.0000010	0.000131	0.106859	-0.000001
907.00	-0.0000010	-0.003534	0.106849	-0.000001
908.00	-0.0000001	-0.003225	0.106838	-0.000001
909.00	0.0000000	-0.002917	0.106827	-0.000001
910.00	-0.0000005	-0.003403	0.106817	-0.000001
911.00	-0.0000008	-0.004336	0.106806	-0.000001
912.00	-0.0000010	-0.003630	0.106796	-0.000001
913.00	-0.0000005	-0.004861	0.106785	-0.000001
914.00	-0.0000005	-0.003857	0.106774	-0.000001
915.00	0.0000000	-0.003449	0.106764	-0.000001
916.00	-0.0000005	-0.005127	0.106753	-0.000001
917.00	-0.0000009	-0.003775	0.106742	-0.000001
918.00	-0.0000009	-0.002871	0.106732	-0.000001
919.00	-0.0000005	-0.002810	0.106721	-0.000001
920.00	0.0000000	-0.003446	0.106711	-0.000001
921.00	0.0000000	-0.003435	0.106700	-0.000001
922.00	-0.0000005	-0.007100	0.106689	-0.000001
923.00	-0.0000008	-0.005003	0.106679	-0.000001
924.00	-0.0000008	-0.005340	0.106668	-0.000001
925.00	-0.0000005	-0.004485	0.106658	-0.000001
926.00	0.0000000	-0.002339	0.106647	-0.000001
927.00	0.0000000	-0.006054	0.106637	-0.000001
928.00	-0.0000005	-0.004603	0.106626	-0.000001
929.00	-0.0000009	-0.004989	0.106615	-0.000001
930.00	-0.0000009	-0.004730	0.106605	-0.000001
931.00	-0.0000004	-0.003379	0.106594	-0.000001
932.00	0.0000000	-0.002126	0.106583	-0.000001
933.00	-0.0000002	-0.001271	0.106573	-0.000001
934.00	-0.0000005	-0.003993	0.106562	-0.000001
935.00	-0.0000010	-0.002740	0.106552	-0.000001
936.00	-0.0000006	-0.003773	0.106541	-0.000001
937.00	-0.0000002	-0.003067	0.106530	-0.000001
938.00	0.0000000	-0.002808	0.106520	-0.000001
939.00	-0.0000003	-0.002201	0.106509	-0.000001
940.00	-0.0000005	-0.002091	0.106499	-0.000001
941.00	-0.0000009	-0.003223	0.106488	-0.000001
942.00	-0.0000004	-0.005050	0.106477	-0.000001
943.00	-0.0000001	-0.004046	0.106467	-0.000001
944.00	0.0000001	-0.002347	0.106456	-0.000001
945.00	-0.0000003	-0.002336	0.106446	-0.000001
946.00	-0.0000006	-0.003021	0.106435	-0.000001
947.00	-0.0000008	-0.000427	0.106424	-0.000001
948.00	-0.0000004	-0.006328	0.106414	-0.000001
949.00	-0.0000004	-0.001747	0.106403	-0.000001
950.00	0.0000001	-0.003624	0.106392	-0.000001
951.00	-0.0000008	-0.000087	0.106382	-0.000001
952.00	-0.0000007	-0.004745	0.106371	-0.000001
953.00	-0.0000013	-0.002499	0.106361	-0.000001
954.00	-0.0000002	-0.003184	0.106350	-0.000001
955.00	0.0000001	-0.002280	0.106339	-0.000001
956.00	0.0000001	-0.002120	0.106329	-0.000001
957.00	-0.0000004	-0.002507	0.106318	-0.000001
958.00	-0.0000005	-0.001403	0.106308	-0.000001
959.00	-0.0000008	-0.003628	0.106297	-0.000001
960.00	-0.0000004	-0.001730	0.106286	-0.000001
961.00	0.0000001	-0.004650	0.106276	-0.000001
962.00	0.0000001	-0.003397	0.106265	-0.000001
963.00	-0.0000002	-0.001450	0.106254	-0.000001
964.00	-0.0000007	-0.004072	0.106244	-0.000001
965.00	-0.0000005	-0.001081	0.106233	-0.000001
966.00	-0.0000002	-0.001269	0.106223	-0.000001
967.00	0.0000001	-0.002947	0.106212	-0.000001
968.00	0.0000001	-0.004377	0.106201	-0.000001
969.00	-0.0000004	-0.002926	0.106191	-0.000001
970.00	-0.0000005	0.001307	0.106180	-0.000001
971.00	-0.0000004	-0.000471	0.106170	-0.000001
972.00	-0.0000002	-0.001056	0.106159	-0.000001
973.00	0.0000001	0.000295	0.106149	-0.000001
974.00	0.0000001	-0.002028	0.106138	-0.000001
975.00	-0.0000003	-0.003210	0.106127	-0.000001
976.00	-0.0000004	-0.002454	0.106117	-0.000001
977.00	-0.0000004	-0.002146	0.106106	-0.000001
978.00	-0.0000000	-0.001688	0.106096	-0.000001
979.00	0.0000001	-0.002621	0.106085	-0.000001
980.00	0.0000001	-0.003356	0.106074	-0.000001
981.00	-0.0000004	-0.003842	0.106064	-0.000001
982.00	-0.0000005	0.000937	0.106053	-0.000001
983.00	-0.0000004	-0.001238	0.106042	-0.000001
984.00	0.0000001	-0.001773	0.106032	-0.000001
985.00	0.0000001	-0.002408	0.106021	-0.000001
986.00	0.0000001	-0.003938	0.106011	-0.000001
987.00	-0.0000004	-0.003182	0.106000	-0.000001
988.00	-0.0000004	-0.003122	0.105989	-0.000001
989.00	-0.0000003	0.000515	0.105979	-0.000001
990.00	0.0000001	-0.000120	0.105968	-0.000001
991.00	0.0000001	-0.003388	0.105958	-0.000001
992.00	-0.0000001	-0.003079	0.105947	-0.000001
993.00	-0.0000004	-0.000535	0.105936	-0.000001
994.00	-0.0000004	-0.000475	0.105926	-0.000001
995.00	0.0000002	-0.000465	0.105915	-0.000001
996.00	0.0000006	-0.002192	0.105904	-0.000001
997.00	0.0000008	-0.000890	0.105894	-0.000001
998.00	0.0000009	-0.000333	0.105883	-0.000001
999.00	0.0000006	-0.001664	0.105873	-0.000001
1000.00	0.0000010	-0.001653	0.105862	-0.000001
1001.00	0.0000011	-0.001047	0.105851	-0.000001
1002.00	0.0000006	-0.002079	0.105841	-0.000001
1003.00	0.0000001	-0.001125	0.105830	-0.000001
1004.00	-0.0000006	-0.001909	0.105820	-0.000001
1005.00	0.0000001	-0.001004	0.105809	-0.000001
1006.00	0.0000005	-0.001788	0.105798	-0.000001
1007.00	0.0000006	-0.001231	0.105788	-0.000001
1008.00	0.0000001	-0.002462	0.105777	-0.000001
1009.00	-0.0000007	-0.001160	0.105767	-0.000001
1010.00	-0.0000003	-0.001150	0.105756	-0.000001
1011.00	0.0000001	-0.000742	0.105745	-0.000001
1012.00	0.0000006	-0.001079	0.105735	-0.000001
1013.00	0.0000003	-0.001416	0.105724	-0.000001
1014.00	-0.0000001	0.000880	0.105713	-0.000001
1015.00	-0.0000003	-0.001842	0.105703	-0.000001
1016.00	0.0000002	-0.000440	0.105692	-0.000001
1017.00	0.0000007	-0.005148	0.105682	-0.000001
1018.00	0.0000007	-0.002754	0.105671	-0.000001
1019.00	0.0000003	-0.001800	0.105661	-0.000001
1020.00	0.0000002	0.003029	0.105650	-0.000001
1021.00	0.0000002	-0.002325	0.105639	-0.000001
1022.00	0.0000007	-0.001718	0.105629	-0.000001
1023.00	0.0000012	-0.002154	0.105618	-0.000001
1024.00	0.0000012	-0.002740	0.105608	-0.000001
1025.00	0.0000010	-0.001786	0.105597	-0.000001
1026.00	0.0000012	-0.003563	0.105586	-0.000001
1027.00	0.0000020	-0.002162	0.105576	-0.000001
1028.00	0.0000030	-0.002350	0.105565	-0.000001
1029.00	0.0000037	-0.001495	0.105554	-0.000001
1030.00	0.0000041	-0.001931	0.105544	-0.000001
1031.00	0.0000037	-0.003311	0.105533	-0.000001
1032.00	0.0000037	-0.003549	0.105523	-0.000001
1033.00	0.0000038	-0.003787	0.105512	-0.000001
1034.00	0.0000037	0.000297	0.105501	-0.000001
1035.00	0.0000032	-0.002474	0.105491	-0.000001
1036.00	0.0000022	-0.002861	0.105480	-0.000001
1037.00	0.0000017	-0.001658	0.105470	-0.000001
1038.00	0.0000017	-0.000157	0.105459	-0.000001
1039.00	0.0000014	-0.001538	0.105448	-0.000001
1040.00	0.0000017	-0.002024	0.105438	-0.000001
1041.00	0.0000017	-0.001417	0.105427	-0.000001
1042.00	0.0000012	0.001127	0.105417	-0.000001
1043.00	0.0000011	-0.001942	0.105406	-0.000001
1044.00	0.0000012	-0.001286	0.105395	-0.000001
1045.00	0.0000017	-0.000282	0.105385	-0.000001
1046.00	0.0000017	-0.003251	0.105374	-0.000001
1047.00	0.0000013	-0.000509	0.105363	-0.000001
1048.00	0.0000012	-0.001939	0.105353	-0.000001
1049.00	0.0000012	-0.000488	0.105342	-0.000001
1050.00	0.0000017	-0.002365	0.105332	-0.000001
1051.00	0.0000021	0.001272	0.105321	-0.000001
1052.00	0.0000021	-0.002691	0.105310	-0.000001
1053.00	0.0000013	-0.002184	0.105300	-0.000001
1054.00	0.0000017	-0.000087	0.105289	-0.000001
1055.00	0.0000026	-0.001865	0.105279	-0.000001
1056.00	0.0000032	0.000133	0.105268	-0.000001
1057.00	0.0000037	-0.003085	0.105257	-0.000001
1058.00	0.0000037	0.000651	0.105247	-0.000001
1059.00	0.0000037	-0.002418	0.105236	-0.000001
1060.00	0.0000042	-0.000470	0.105226	-0.000001
1061.00	0.0000048	-0.002894	0.105215	-0.000001
1062.00	0.0000052	-0.000598	0.105204	-0.000001
1063.00	0.0000052	-0.002475	0.105194	-0.000001
1064.00	0.0000047	-0.002067	0.105183	-0.000001
1065.00	0.0000042	-0.001461	0.105173	-0.000001
1066.00	0.0000042	-0.000556	0.105162	-0.000001
1067.00	0.0000043	-0.001539	0.105151	-0.000001
1068.00	0.0000042	-0.002869	0.105141	-0.000001
1069.00	0.0000035	-0.005491	0.105130	-0.000001
1070.00	0.0000027	-0.004288	0.105120	-0.000001
1071.00	0.0000027	-0.007308	0.105109	-0.000001
1072.00	0.0000027	-0.001585	0.105098	-0.000001
1073.00	0.0000027	-0.002518	0.105088	-0.000001
1074.00	0.0000027	-0.003004	0.105077	-0.000001
1075.00	0.0000022	0.000434	0.105067	-0.000001
1076.00	0.0000017	-0.000201	0.105056	-0.000001
1077.00	0.0000017	-0.001135	0.105045	-0.000001
1078.00	0.0000022	-0.002117	0.105035	-0.000001
1079.00	0.0000022	-0.001809	0.105024	-0.000001
1080.00	0.0000022	-0.000457	0.105013	-0.000001
1081.00	0.0000019	0.000448	0.105003	-0.000001
1082.00	0.0000017	-0.000485	0.104992	-0.000001
1083.00	0.0000017	-0.001170	0.104982	-0.000001
1084.00	0.0000024	0.001622	0.104971	-0.000001
1085.00	0.0000027	0.001682	0.104960	-0.000001
1086.00	0.0000026	-0.001635	0.104950	-0.000001
1087.00	0.0000021	-0.001972	0.104939	-0.000001
1088.00	0.0000023	-0.000968	0.104929	-0.000001
1089.00	0.0000028	-0.000461	0.104918	-0.000001
1090.00	0.0000031	-0.002785	0.104907	-0.000001
1091.00	0.0000039	0.000951	0.104897	-0.000001
1092.00	0.0000043	-0.001770	0.104886	-0.000001
1093.00	0.0000043	-0.003647	0.104876	-0.000001
1094.00	0.0000048	0.001976	0.104865	-0.000001
1095.00	0.0000059	0.000696	0.104854	-0.000001
1096.00	0.0000072	-0.003615	0.104844	-0.000001
1097.00	0.0000079	0.001810	0.104833	-0.000001
1098.00	0.0000097	-0.001458	0.104822	-0.000001
1099.00	0.0000112	0.000639	0.104812	-0.000001
1100.00	0.0000137	0.000153	0.104801	-0.000001
1101.00	0.0000176	-0.001079	0.104791	-0.000001
1102.00	0.0000467	-0.001192	0.104706	-0.000001
1103.00	0.0000576	0.002345	0.104695	-0.000001
1104.00	0.0000726	-0.001171	0.104685	-0.000001
1105.00	0.0000894	-0.002303	0.104674	-0.000001
1106.00	0.0001063	0.000390	0.104663	-0.000001
1107.00	0.0001215	0.000912	0.104589	-0.000001
1108.00	0.0001309	-0.002311	0.104583	-0.000001
1109.00	0.0001333	-0.001858	0.104577	-0.000001
1110.00	0.0001289	0.000830	0.104571	-0.000001
1111.00	0.0001195	-0.002293	0.104565	-0.000001
1112.00	0.0001084	-0.000400	0.104559	-0.000001
1113.00	0.0000979	0.001046	0.104553	-0.000001
1114.00	0.0000891	-0.000637	0.104547	-0.000001
1115.00	0.0000819	0.001455	0.104541	-0.000001
1116.00	0.0000756	0.000567	0.104536	-0.000001
1117.00	0.0000706	0.002411	0.104530	-0.000001
1118.00	0.0000671	-0.000911	0.104524	-0.000001
1119.00	0.0000644	-0.002644	0.104518	-0.000001
1120.00	0.0000630	-0.002340	0.104512	-0.000001
1121.00	0.0000622	0.000199	0.104506	-0.000001
1122.00	0.0000613	0.000106	0.104500	-0.000001
1123.00	0.0000612	0.000807	0.104494	-0.000001
1124.00	0.0000621	-0.000776	0.104489	-0.000001
1125.00	0.0000643	-0.000175	0.104483	-0.000001
1126.00	0.0000663	0.001768	0.104477	-0.000001
1127.00	0.0000701	0.000384	0.104471	-0.000001
1128.00	0.0000731	0.001184	0.104465	-0.000001
1129.00	0.0000781	-0.001989	0.104459	-0.000001
1130.00	0.0000841	0.000401	0.104453	-0.000001
1131.00	0.0000921	0.000804	0.104447	-0.000001
1132.00	0.0001006	0.000214	0.104442	-0.000001
1133.00	0.0001097	0.002555	0.104436	-0.000001
1134.00	0.0001204	-0.000916	0.104430	-0.000001
1135.00	0.0001341	-0.001109	0.104424	-0.000001
1136.00	0.0001552	-0.003339	0.104418	-0.000001
1137.00	0.0001803	0.000045	0.104412	-0.000001
1138.00	0.0002078	0.001740	0.104406	-0.000001
1139.00	0.0002415	0.001845	0.104400	-0.000001
1140.00	0.0002834	-0.000881	0.104395	-0.000001
1141.00	0.0003404	-0.001819	0.104389	-0.000001
1142.00	0.0004122	0.000521	0.104383	-0.000001
1143.00	0.0005002	-0.001708	0.104377	-0.000001
1144.00	0.0006049	-0.001106	0.104371	-0.000001
1145.00	0.0007435	-0.001696	0.104365	-0.000001
1146.00	0.0009265	-0.001988	0.104359	-0.000001
1147.00	0.0011320	-0.002976	0.104353	-0.000001
1148.00	0.0013843	-0.001778	0.104348	-0.000001
1149.00	0.0016711	-0.000828	0.104342	-0.000001
1150.00	0.0019473	-0.001369	0.104336	-0.000001
1151.00	0.0022010	0.002064	0.104330	-0.000001
1152.00	0.0023870	0.001325	0.104324	-0.000001
1153.00	0.0025147	-0.000407	0.104318	-0.000001
1154.00	0.0025840	-0.000550	0.104312	-0.000001
1155.00	0.0025888	-0.000942	0.104306	-0.000001
1156.00	0.0025545	-0.000241	0.104300	-0.000001
1157.00	0.0025156	-0.000384	0.104295	-0.000001
1158.00	0.0024726	-0.000726	0.104289	-0.000001
1159.00	0.0024447	-0.000471	0.104283	-0.000001
1160.00	0.0024351	-0.003148	0.104277	-0.000001
1161.00	0.0024488	-0.000907	0.104271	-0.000001
1162.00	0.0024867	0.001831	0.104265	-0.000001
1163.00	0.0025524	-0.001789	0.104259	-0.000001
1164.00	0.0026460	-0.002677	0.104253	-0.000001
1165.00	0.0027750	-0.002026	0.104248	-0.000001
1166.00	0.0029246	-0.000530	0.104242	-0.000001
1167.00	0.0031083	-0.001567	0.104236	-0.000001
1168.00	0.0033123	-0.001660	0.104230	-0.000001
1169.00	0.0035386	-0.000512	0.104224	-0.000001
1170.00	0.0037366	0.000636	0.104218	-0.000001
1171.00	0.0038924	0.000046	0.104212	-0.000001
1172.00	0.0039676	-0.002531	0.104206	-0.000001
1173.00	0.0039294	-0.000091	0.104201	-0.000001
1174.00	0.0037430	-0.001973	0.104195	-0.000001
1175.00	0.0034100	-0.001371	0.104189	-0.000001
1176.00	0.0029811	-0.000669	0.104183	-0.000001
1177.00	0.0024952	0.000678	0.104177	-0.000001
1178.00	0.0020445	-0.001452	0.104171	-0.000001
1179.00	0.0016607	-0.002341	0.104165	-0.000001
1180.00	0.0014044	-0.000398	0.104159	-0.000001
1181.00	0.0012218	0.001943	0.104154	-0.000001
1182.00	0.0010922	-0.000634	0.104148	-0.000001
1183.00	0.0009860	-0.003956	0.104142	-0.000001
1184.00	0.0009086	-0.001467	0.104136	-0.000001
1185.00	0.0008459	0.000575	0.104130	-0.000001
1186.00	0.0007948	-0.000660	0.104124	-0.000001
1187.00	0.0007523	0.002723	0.104118	-0.000001
1188.00	0.0007133	0.000593	0.104112	-0.000001
1189.00	0.0006834	-0.000543	0.104107	-0.000001
1190.00	0.0006553	0.000754	0.104101	-0.000001
1191.00	0.0006287	0.001753	0.104095	-0.000001
1192.00	0.0006007	-0.000128	0.104089	-0.000001
1193.00	0.0005738	-0.001116	0.104083	-0.000001
1194.00	0.0005454	-0.001358	0.104077	-0.000001
1195.00	0.0005160	-0.001303	0.104071	-0.000001
1196.00	0.0004840	0.000441	0.104065	-0.000001
1197.00	0.0004502	-0.000645	0.104060	-0.000001
1198.00	0.0004160	0.004327	0.104054	-0.000001
1199.00	0.0003839	-0.001031	0.104048	-0.000001
1200.00	0.0003517	0.001309	0.104042	-0.000001
