Bentham+Kilukarp+B487 datafile
2024-11-16 18:56:46
Slits: 1.000
Avg: 3
Comment: referents 6 full slot 0_0 (tyhi)

00:00:03	-0.000001	0.107288	24.2	-1.5	4.3
00:03:08	0.000000	0.097901	24.2	-1.5	4.3
00:06:13	0.000000	0.105500	24.2	-1.5	4.3
00:09:18	0.000000	0.104606	24.2	-1.5	4.3
00:12:23	0.000000	0.102768	24.2	-1.5	4.3
00:13:52	-0.000001	0.107189	24.2	-1.5	4.3

nm	b487	kilu
300.00	0.0013084	-0.002547	0.106755	-0.000001
301.00	0.0013402	-0.003099	0.106712	-0.000001
302.00	0.0013723	0.001167	0.106668	-0.000001
303.00	0.0014024	-0.001223	0.106624	-0.000001
304.00	0.0014340	-0.001627	0.106581	-0.000001
305.00	0.0014668	0.000006	0.106537	-0.000001
306.00	0.0014990	-0.001440	0.106493	-0.000001
307.00	0.0015295	-0.001049	0.106450	-0.000001
308.00	0.0015600	-0.002545	0.106406	-0.000001
309.00	0.0015920	-0.002054	0.106362	-0.000001
310.00	0.0016241	-0.004494	0.106319	-0.000001
311.00	0.0005426	-0.000694	0.105995	-0.000001
312.00	0.0005756	0.001882	0.105953	-0.000001
313.00	0.0006100	-0.001104	0.105909	-0.000001
314.00	0.0006459	-0.001160	0.105865	-0.000001
315.00	0.0006827	0.000970	0.105821	-0.000001
316.00	0.0007206	-0.001619	0.105778	-0.000001
317.00	0.0007601	-0.000631	0.105734	-0.000001
318.00	0.0008022	0.001300	0.105690	-0.000001
319.00	0.0008460	-0.000693	0.105647	-0.000001
320.00	0.0008909	-0.000450	0.105603	-0.000001
321.00	0.0009379	0.000388	0.105559	-0.000001
322.00	0.0009857	0.000034	0.105516	-0.000001
323.00	0.0010373	0.000873	0.105472	-0.000001
324.00	0.0010911	-0.000276	0.105428	-0.000001
325.00	0.0011469	-0.000282	0.105385	-0.000001
326.00	0.0012044	0.000159	0.105341	-0.000001
327.00	0.0012651	0.001743	0.105297	-0.000001
328.00	0.0013278	0.001886	0.105254	-0.000001
329.00	0.0013938	0.000191	0.105210	-0.000001
330.00	0.0014630	0.000930	0.105166	-0.000001
331.00	0.0015346	0.001371	0.105122	-0.000001
332.00	0.0016099	0.002359	0.105079	-0.000001
333.00	0.0016878	0.001806	0.105035	-0.000001
334.00	0.0017692	0.000012	0.104991	-0.000001
335.00	0.0018544	-0.002130	0.104948	-0.000001
336.00	0.0019427	0.000298	0.104904	-0.000001
337.00	0.0020349	0.001335	0.104860	-0.000001
338.00	0.0021310	0.001429	0.104817	-0.000001
339.00	0.0022292	-0.003246	0.104773	-0.000001
340.00	0.0023331	0.001168	0.104729	-0.000001
341.00	0.0024412	-0.002315	0.104686	-0.000001
342.00	0.0025519	0.002696	0.104642	-0.000001
343.00	0.0026670	0.001846	0.104598	-0.000001
344.00	0.0027888	0.001691	0.104555	-0.000001
345.00	0.0029118	0.001635	0.104511	-0.000001
346.00	0.0030412	-0.000060	0.104467	-0.000001
347.00	0.0031758	0.002666	0.104424	-0.000001
348.00	0.0033140	0.001915	0.104380	-0.000001
349.00	0.0034578	0.001065	0.104336	-0.000001
350.00	0.0036052	-0.001176	0.104293	-0.000001
351.00	0.0037577	0.000705	0.104249	-0.000001
352.00	0.0039176	0.002338	0.104205	-0.000001
353.00	0.0040819	0.002978	0.104161	-0.000001
354.00	0.0042529	0.004164	0.104118	-0.000001
355.00	0.0044271	-0.000164	0.104075	-0.000001
356.00	0.0046056	0.002512	0.104031	-0.000001
357.00	0.0047928	0.002258	0.103988	-0.000001
358.00	0.0049841	0.002252	0.103944	-0.000001
359.00	0.0051840	0.000756	0.103900	-0.000001
360.00	0.0053937	0.000948	0.103857	-0.000001
361.00	0.0056053	0.002929	0.103813	-0.000001
362.00	0.0058264	0.001383	0.103769	-0.000001
363.00	0.0060504	0.001377	0.103725	-0.000001
364.00	0.0062882	-0.000864	0.103682	-0.000001
365.00	0.0065291	0.001614	0.103638	-0.000001
366.00	0.0067784	0.002353	0.103594	-0.000001
367.00	0.0070484	0.002645	0.103551	-0.000001
368.00	0.0073173	0.002391	0.103507	-0.000001
369.00	0.0076031	0.001143	0.103463	-0.000001
370.00	0.0078906	0.000789	0.103420	-0.000001
371.00	0.0081963	0.002969	0.103376	-0.000001
372.00	0.0085178	0.002019	0.103332	-0.000001
373.00	0.0088362	0.072215	0.103271	-0.000001
374.00	0.0091890	0.000286	0.103227	-0.000001
375.00	0.0095289	0.000677	0.103184	-0.000001
376.00	0.0098876	0.003354	0.103140	-0.000001
377.00	0.0102614	0.001708	0.103096	-0.000001
378.00	0.0106588	0.002745	0.103053	-0.000001
379.00	0.0110587	-0.000588	0.103009	-0.000001
380.00	0.0114599	0.000151	0.102965	-0.000001
381.00	0.0118772	0.002231	0.102922	-0.000001
382.00	0.0122985	0.001529	0.102878	-0.000001
383.00	0.0127530	0.000033	0.102834	-0.000001
384.00	0.0132045	0.000921	0.102791	-0.000001
385.00	0.0136570	0.002008	0.102747	-0.000001
386.00	0.0141334	0.001406	0.102703	-0.000001
387.00	0.0146205	0.000357	0.102660	-0.000001
388.00	0.0151113	-0.001685	0.102616	-0.000001
389.00	0.0156346	0.003425	0.102572	-0.000001
390.00	0.0161603	0.001432	0.102529	-0.000001
391.00	0.0166977	0.003562	0.102485	-0.000001
392.00	0.0172539	0.002562	0.102441	-0.000001
393.00	0.0178150	0.004245	0.102398	-0.000001
394.00	0.0184020	0.002401	0.102354	-0.000001
395.00	0.0189958	0.001799	0.102310	-0.000001
396.00	0.0196025	0.002538	0.102266	-0.000001
397.00	0.0202191	-0.000398	0.102223	-0.000001
398.00	0.0208570	0.001880	0.102180	-0.000001
399.00	0.0215011	0.001626	0.102136	-0.000001
400.00	0.0181660	0.002782	0.102023	-0.000001
401.00	0.0188051	0.002975	0.101979	-0.000001
402.00	0.0194841	0.002075	0.101935	-0.000001
403.00	0.0201491	0.003410	0.101892	-0.000001
404.00	0.0208248	0.005341	0.101848	-0.000001
405.00	0.0215554	0.003299	0.101804	-0.000001
406.00	0.0222809	0.001604	0.101761	-0.000001
407.00	0.0230321	0.000455	0.101717	-0.000001
408.00	0.0238270	0.004522	0.101673	-0.000001
409.00	0.0246928	0.004069	0.101630	-0.000001
410.00	0.0256272	0.002077	0.101586	-0.000001
411.00	0.0264980	0.003908	0.101542	-0.000001
412.00	0.0273818	0.004598	0.101499	-0.000001
413.00	0.0282399	0.002704	0.101455	-0.000001
414.00	0.0291050	0.002500	0.101411	-0.000001
415.00	0.0299751	0.003686	0.101367	-0.000001
416.00	0.0308521	-0.001089	0.101324	-0.000001
417.00	0.0317391	0.000296	0.101280	-0.000001
418.00	0.0326212	0.003171	0.101236	-0.000000
419.00	0.0335219	0.002966	0.101193	-0.000000
420.00	0.0344189	0.001371	0.101149	-0.000000
421.00	0.0353321	0.002011	0.101105	-0.000000
422.00	0.0362759	0.004737	0.101062	-0.000000
423.00	0.0372227	0.004532	0.101018	-0.000000
424.00	0.0382024	0.001993	0.100974	-0.000000
425.00	0.0392078	0.005563	0.100931	-0.000000
426.00	0.0402929	0.002030	0.100887	-0.000000
427.00	0.0414802	0.003068	0.100843	-0.000000
428.00	0.0429515	0.002018	0.100800	-0.000000
429.00	0.0440665	-0.000123	0.100756	-0.000000
430.00	0.0451192	-0.000427	0.100712	-0.000000
431.00	0.0459126	0.003391	0.100668	-0.000000
432.00	0.0463591	0.002094	0.100625	-0.000000
433.00	0.0467463	0.002932	0.100581	-0.000000
434.00	0.0471250	0.002579	0.100537	-0.000000
435.00	0.0474713	0.003069	0.100494	-0.000000
436.00	0.0478114	0.003063	0.100450	-0.000000
437.00	0.0481416	0.002610	0.100406	-0.000000
438.00	0.0484281	0.002455	0.100364	-0.000000
439.00	0.0487022	0.002846	0.100320	-0.000000
440.00	0.0489752	0.002790	0.100276	-0.000000
441.00	0.0492413	0.003430	0.100232	-0.000000
442.00	0.0494925	0.003970	0.100189	-0.000000
443.00	0.0497526	0.002772	0.100145	-0.000000
444.00	0.0500227	0.003660	0.100101	-0.000000
445.00	0.0503204	0.004846	0.100058	-0.000000
446.00	0.0506643	0.003797	0.100014	-0.000000
447.00	0.0510218	0.001407	0.099970	-0.000000
448.00	0.0514504	0.002295	0.099927	-0.000000
449.00	0.0519223	0.003829	0.099883	-0.000000
450.00	0.0524774	0.002830	0.099839	-0.000000
451.00	0.0530974	0.002526	0.099796	-0.000000
452.00	0.0538174	0.001725	0.099752	-0.000000
453.00	0.0547045	0.002663	0.099708	-0.000000
454.00	0.0556239	0.001713	0.099665	-0.000000
455.00	0.0566616	0.002303	0.099621	-0.000000
456.00	0.0577866	0.000906	0.099577	-0.000000
457.00	0.0590524	0.005669	0.099534	-0.000000
458.00	0.0604626	0.001788	0.099490	-0.000000
459.00	0.0619217	0.000839	0.099446	-0.000000
460.00	0.0634935	0.003515	0.099403	-0.000000
461.00	0.0651008	0.002019	0.099359	-0.000000
462.00	0.0667627	0.005043	0.099315	-0.000000
463.00	0.0685119	0.003398	0.099271	-0.000000
464.00	0.0702647	0.007266	0.099228	-0.000000
465.00	0.0720313	0.003882	0.099184	-0.000000
466.00	0.0738303	0.002982	0.099140	-0.000000
467.00	0.0756367	0.003125	0.099097	-0.000000
468.00	0.0773819	0.003219	0.099053	-0.000000
469.00	0.0791320	0.001573	0.099009	-0.000000
470.00	0.0808632	0.004299	0.098966	-0.000000
471.00	0.0825959	0.005138	0.098922	-0.000000
472.00	0.0843624	0.003244	0.098878	-0.000000
473.00	0.0860393	0.004579	0.098835	-0.000000
474.00	0.0876788	0.005368	0.098791	-0.000000
475.00	0.0893198	0.037061	0.098739	-0.000000
476.00	0.0909723	0.001938	0.098695	-0.000000
477.00	0.0925711	0.001087	0.098651	-0.000000
478.00	0.0941328	0.003465	0.098608	-0.000000
479.00	0.0955953	0.003559	0.098564	-0.000000
480.00	0.0971073	0.002510	0.098520	-0.000000
481.00	0.0985574	0.001162	0.098477	-0.000000
482.00	0.1000075	0.003490	0.098434	-0.000000
483.00	0.1013337	0.003236	0.098390	-0.000000
484.00	0.1027714	0.003727	0.098346	-0.000000
485.00	0.1041496	0.004118	0.098303	-0.000000
486.00	0.1054187	0.003566	0.098259	-0.000000
487.00	0.1067474	0.000182	0.098215	-0.000000
488.00	0.1080016	0.004746	0.098171	-0.000000
489.00	0.1093154	0.001710	0.098128	-0.000000
490.00	0.1106142	0.001093	0.098000	0.000000
491.00	0.1117942	0.002697	0.098035	0.000000
492.00	0.1130955	0.002065	0.098070	0.000000
493.00	0.1143597	0.001285	0.098106	0.000000
494.00	0.1155743	0.003932	0.098141	0.000000
495.00	0.1167716	0.001314	0.098176	0.000000
496.00	0.1179912	0.000633	0.098212	0.000000
497.00	0.1191711	0.003478	0.098247	0.000000
498.00	0.1203584	0.001506	0.098283	0.000000
499.00	0.1214987	-0.000864	0.098318	0.000000
500.00	0.1226141	0.005607	0.098353	0.000000
501.00	0.1237668	0.004082	0.098389	0.000000
502.00	0.1248699	0.004543	0.098424	0.000000
503.00	0.1259729	0.003067	0.098459	0.000000
504.00	0.1270735	0.002138	0.098495	0.000000
505.00	0.1281345	0.003493	0.098530	0.000000
506.00	0.1292450	0.004153	0.098565	0.000000
507.00	0.1303356	0.002280	0.098601	0.000000
508.00	0.1314883	0.004629	0.098636	0.000000
509.00	0.1325666	0.004395	0.098672	0.000000
510.00	0.1336200	0.004161	0.098707	0.000000
511.00	0.1346859	0.004225	0.098742	0.000000
512.00	0.1357642	0.008064	0.098778	0.000000
513.00	0.1368004	0.004055	0.098813	0.000000
514.00	0.1377720	0.004665	0.098848	0.000000
515.00	0.1387735	0.004481	0.098884	0.000000
516.00	0.1398047	0.003551	0.098919	0.000000
517.00	0.1408458	0.001281	0.098954	0.000000
518.00	0.1418745	0.003928	0.098989	0.000000
519.00	0.1428288	0.004191	0.099024	0.000000
520.00	0.1438451	0.004354	0.099060	0.000000
521.00	0.1448986	0.005958	0.099095	0.000000
522.00	0.1457786	0.005972	0.099131	0.000000
523.00	0.1468246	0.004496	0.099166	0.000000
524.00	0.1478162	0.003666	0.099201	0.000000
525.00	0.1487581	0.003333	0.099237	0.000000
526.00	0.1496703	0.003000	0.099272	0.000000
527.00	0.1505627	0.003958	0.099307	0.000000
528.00	0.1515294	0.001538	0.099343	0.000000
529.00	0.1523846	0.005874	0.099378	0.000000
530.00	0.1533513	0.003355	0.099413	0.000000
531.00	0.1542710	0.003518	0.099449	0.000000
532.00	0.1551931	0.003682	0.099484	0.000000
533.00	0.1561152	0.004838	0.099520	0.000000
534.00	0.1570175	0.003213	0.099555	0.000000
535.00	0.1579198	0.002284	0.099590	0.000000
536.00	0.1588171	0.004732	0.099626	0.000000
537.00	0.1596599	0.003654	0.099661	0.000000
538.00	0.1605771	0.001781	0.099696	0.000000
539.00	0.1613827	0.002739	0.099732	0.000000
540.00	0.1621932	0.004789	0.099767	0.000000
541.00	0.1630360	0.002569	0.099802	0.000000
542.00	0.1638491	0.003229	0.099838	0.000000
543.00	0.1646721	0.002945	0.099873	0.000000
544.00	0.1654058	0.004499	0.099909	0.000000
545.00	0.1663155	0.003868	0.099944	0.000000
546.00	0.1670591	0.004130	0.099979	0.000000
547.00	0.1678648	0.002406	0.100015	0.000000
548.00	0.1686084	0.004059	0.100050	0.000000
549.00	0.1693520	0.004819	0.100085	0.000000
550.00	0.1701056	0.002946	0.100121	0.000000
551.00	0.1708889	0.002761	0.100156	0.000000
552.00	0.1716127	0.004166	0.100191	0.000000
553.00	0.1722869	0.002989	0.100227	0.000000
554.00	0.1729711	0.003053	0.100262	0.000000
555.00	0.1737271	0.003663	0.100298	0.000000
556.00	0.1744460	0.005366	0.100333	0.000000
557.00	0.1751277	0.002847	0.100368	0.000000
558.00	0.1758093	0.003557	0.100403	0.000000
559.00	0.1764786	0.003721	0.100438	0.000000
560.00	0.1771157	0.004281	0.100474	0.000000
561.00	0.1777205	0.004842	0.100509	0.000000
562.00	0.1783352	0.001032	0.100544	0.000000
563.00	0.1789797	0.003579	0.100580	0.000000
564.00	0.1795647	0.001706	0.100615	0.000000
565.00	0.1801968	0.003111	0.100651	0.000000
566.00	0.1808041	0.004914	0.100686	0.000000
567.00	0.1813990	0.005921	0.100721	0.000000
568.00	0.1819196	0.005439	0.100757	0.000000
569.00	0.1824600	0.005304	0.100792	0.000000
570.00	0.1830351	0.006312	0.100827	0.000000
571.00	0.1835308	0.004489	0.100863	0.000000
572.00	0.1840266	0.002566	0.100898	0.000000
573.00	0.1845471	0.004815	0.100933	0.000000
574.00	0.1849809	0.005525	0.100969	0.000000
575.00	0.1855139	0.005340	0.101004	0.000000
576.00	0.1860344	0.005752	0.101039	0.000000
577.00	0.1864930	0.008051	0.101075	0.000000
578.00	0.1869119	0.003844	0.101110	0.000000
579.00	0.1873779	0.007285	0.101146	0.000000
580.00	0.1878142	0.002829	0.101181	0.000000
581.00	0.1881811	0.002446	0.101216	0.000000
582.00	0.1886495	0.001964	0.101252	0.000000
583.00	0.1890090	0.001779	0.101287	0.000000
584.00	0.1893684	0.000900	0.101322	0.000000
585.00	0.1897898	0.002255	0.101358	0.000000
586.00	0.1901740	0.002468	0.101393	0.000000
587.00	0.1904913	0.002979	0.101428	0.000000
588.00	0.1908284	0.005676	0.101464	0.000000
589.00	0.1911358	0.003107	0.101499	0.000000
590.00	0.1915002	0.000240	0.101535	0.000000
591.00	0.1917728	0.002639	0.101570	0.000000
592.00	0.1920207	0.002455	0.101605	0.000000
593.00	0.1924173	0.005648	0.101641	0.000000
594.00	0.1926280	0.001241	0.101676	0.000000
595.00	0.1929255	0.005329	0.101711	0.000000
596.00	0.1931684	0.002065	0.101747	0.000000
597.00	0.1933965	0.004513	0.101782	0.000000
598.00	0.1936146	0.002391	0.101817	0.000000
599.00	0.1938055	0.002704	0.101853	0.000000
600.00	0.1940781	0.002222	0.101888	0.000000
601.00	0.1942516	0.000845	0.101923	0.000000
602.00	0.1944252	0.003592	0.101958	0.000000
603.00	0.1946359	0.001271	0.101994	0.000000
604.00	0.1947598	0.003422	0.102029	0.000000
605.00	0.1949333	0.002592	0.102064	0.000000
606.00	0.1950226	0.001513	0.102100	0.000000
607.00	0.1952109	0.003465	0.102135	0.000000
608.00	0.1953398	0.005317	0.102170	0.000000
609.00	0.1954291	0.002301	0.102206	0.000000
610.00	0.1955530	0.000875	0.102241	0.000000
611.00	0.1956398	0.000591	0.102276	0.000000
612.00	0.1956894	0.003089	0.102312	0.000000
613.00	0.1957637	0.001365	0.102347	0.000000
614.00	0.1958356	0.004012	0.102383	0.000000
615.00	0.1959248	0.001145	0.102418	0.000000
616.00	0.1959645	0.003593	0.102453	0.000000
617.00	0.1959248	0.004651	0.102489	0.000000
618.00	0.1959992	0.003970	0.102524	0.000000
619.00	0.1959992	0.002394	0.102559	0.000000
620.00	0.1960364	0.003849	0.102595	0.000000
621.00	0.1960488	0.002224	0.102630	0.000000
622.00	0.1960240	-0.000046	0.102666	0.000000
623.00	0.1959372	0.002948	0.102701	0.000000
624.00	0.1959843	0.003608	0.102736	0.000000
625.00	0.1959447	0.000692	0.102772	0.000000
626.00	0.1958852	0.000706	0.102807	0.000000
627.00	0.1958158	0.000423	0.102842	0.000000
628.00	0.1957265	-0.000358	0.102878	0.000000
629.00	0.1956274	0.003034	0.102913	0.000000
630.00	0.1955034	0.000168	0.102948	0.000000
631.00	0.1954539	0.003361	0.102984	0.000000
632.00	0.1954043	0.003276	0.103019	0.000000
633.00	0.1952506	-0.000187	0.103054	0.000000
634.00	0.1951118	0.003553	0.103090	0.000000
635.00	0.1949631	0.001829	0.103125	0.000000
636.00	0.1948044	0.002538	0.103161	0.000000
637.00	0.1947102	0.002702	0.103196	0.000000
638.00	0.1944995	0.001325	0.103231	0.000000
639.00	0.1943632	0.000346	0.103267	0.000000
640.00	0.1941401	0.003142	0.103302	0.000000
641.00	0.1938674	0.004795	0.103337	0.000000
642.00	0.1937832	0.001482	0.103373	0.000000
643.00	0.1935749	0.003582	0.103408	0.000000
644.00	0.1934064	0.002553	0.103443	0.000000
645.00	0.1931585	0.001674	0.103478	0.000000
646.00	0.1929007	0.001142	0.103514	0.000000
647.00	0.1926528	0.004087	0.103549	0.000000
648.00	0.1923801	0.001519	0.103584	0.000000
649.00	0.1920951	0.002477	0.103620	0.000000
650.00	0.1917976	-0.001135	0.103655	0.000000
651.00	0.1915745	0.001263	0.103690	0.000000
652.00	0.1912746	0.004606	0.103726	0.000000
653.00	0.1909375	0.001789	0.103761	0.000000
654.00	0.1906202	0.001952	0.103796	0.000000
655.00	0.1903227	-0.000964	0.103832	0.000000
656.00	0.1899757	-0.000403	0.103867	0.000000
657.00	0.1896411	-0.002177	0.103903	0.000000
658.00	0.1893064	-0.003603	0.103938	0.000000
659.00	0.1889470	-0.000510	0.103973	0.000000
660.00	0.1885578	0.001690	0.104009	0.000000
661.00	0.1881315	0.003344	0.104044	0.000000
662.00	0.1877547	-0.000218	0.104079	0.000000
663.00	0.1873184	0.001237	0.104115	0.000000
664.00	0.1868524	-0.001282	0.104150	0.000000
665.00	0.1864186	0.000123	0.104185	0.000000
666.00	0.1859353	0.000286	0.104221	0.000000
667.00	0.1854147	0.000499	0.104256	0.000000
668.00	0.1848322	0.002301	0.104291	0.000000
669.00	0.1841654	0.001422	0.104327	0.000000
670.00	0.1836101	0.001734	0.104362	0.000000
671.00	0.1828863	0.001351	0.104398	0.000000
672.00	0.1818551	0.001564	0.104433	0.000000
673.00	0.1809826	-0.000607	0.104468	0.000000
674.00	0.1818700	-0.001785	0.104504	0.000000
675.00	0.1835804	-0.002218	0.104539	0.000000
676.00	0.1863071	0.000230	0.104574	0.000000
677.00	0.1890709	-0.001196	0.104610	0.000000
678.00	0.1912548	0.000160	0.104645	0.000000
679.00	0.1932874	0.002409	0.104680	0.000000
680.00	0.1950325	0.002324	0.104716	0.000000
681.00	0.1967577	-0.002380	0.104751	0.000000
682.00	0.1982549	0.002154	0.104787	0.000000
683.00	0.1995935	0.001274	0.104822	0.000000
684.00	0.2007833	-0.000698	0.104857	0.000000
685.00	0.2019359	-0.002124	0.104893	0.000000
686.00	0.2029647	0.000523	0.104928	0.000000
687.00	0.2039066	-0.002096	0.104963	0.000000
688.00	0.2047246	-0.000789	0.104998	0.000000
689.00	0.2054534	-0.001520	0.105033	0.000000
690.00	0.2060979	-0.000860	0.105069	0.000000
691.00	0.2066234	-0.001193	0.105104	0.000000
692.00	0.2070596	0.000112	0.105140	0.000000
693.00	0.2073769	-0.000966	0.105175	0.000000
694.00	0.2076496	-0.001101	0.105210	0.000000
695.00	0.2078851	-0.000987	0.105246	0.000000
696.00	0.2079347	0.000766	0.105281	0.000000
697.00	0.2079718	-0.001505	0.105316	0.000000
698.00	0.2079471	-0.002919	0.105489	0.000000
699.00	0.2077735	-0.000928	0.105484	0.000000
700.00	0.2041793	-0.000371	0.105474	0.000000
701.00	0.2042908	-0.002006	0.105470	0.000000
702.00	0.2041941	0.000482	0.105465	0.000000
703.00	0.2041346	0.002870	0.105461	0.000000
704.00	0.2039562	0.000639	0.105457	0.000000
705.00	0.2037083	-0.001294	0.105453	0.000000
706.00	0.2033613	-0.001290	0.105449	0.000000
707.00	0.2029894	0.000503	0.105445	0.000000
708.00	0.2025433	-0.000288	0.105441	0.000000
709.00	0.2019855	-0.001079	0.105436	0.000000
710.00	0.2014402	0.001310	0.105432	0.000000
711.00	0.2008924	0.000817	0.105428	0.000000
712.00	0.2003074	0.001318	0.105424	0.000000
713.00	0.1996232	0.001223	0.105420	0.000000
714.00	0.1989292	0.001972	0.105416	0.000000
715.00	0.1981806	0.000734	0.105412	0.000000
716.00	0.1973873	0.004315	0.105407	0.000000
717.00	0.1964826	-0.001939	0.105403	0.000000
718.00	0.1955282	0.001591	0.105399	0.000000
719.00	0.1947251	0.000354	0.105395	0.000000
720.00	0.1938922	0.002295	0.105391	0.000000
721.00	0.1930098	0.001802	0.105387	0.000000
722.00	0.1920777	0.000813	0.105383	0.000000
723.00	0.1910565	0.000519	0.105378	0.000000
724.00	0.1900749	0.000672	0.105374	0.000000
725.00	0.1891329	-0.003297	0.105370	0.000000
726.00	0.1881538	-0.002399	0.105366	0.000000
727.00	0.1871871	-0.004630	0.105362	0.000000
728.00	0.1861583	0.000739	0.105358	0.000000
729.00	0.1851544	-0.001194	0.105354	0.000000
730.00	0.1840761	-0.001041	0.105349	0.000000
731.00	0.1831045	-0.001136	0.105345	0.000000
732.00	0.1820931	0.000854	0.105341	0.000000
733.00	0.1810024	0.000660	0.105337	0.000000
734.00	0.1799489	-0.002564	0.105333	0.000000
735.00	0.1788707	-0.000971	0.105329	0.000000
736.00	0.1778172	-0.001414	0.105325	0.000000
737.00	0.1767265	-0.001459	0.105320	0.000000
738.00	0.1756110	-0.002250	0.105316	0.000000
739.00	0.1745377	0.000337	0.105312	0.000000
740.00	0.1734371	-0.000006	0.105308	0.000000
741.00	0.1723564	0.001140	0.105304	0.000000
742.00	0.1712558	-0.002035	0.105300	0.000000
743.00	0.1701453	-0.001633	0.105296	0.000000
744.00	0.1690174	-0.000487	0.105291	0.000000
745.00	0.1679639	-0.001923	0.105287	0.000000
746.00	0.1668484	-0.001770	0.105283	0.000000
747.00	0.1657330	-0.003256	0.105279	0.000000
748.00	0.1646423	0.000176	0.105275	0.000000
749.00	0.1635219	-0.000764	0.105271	0.000000
750.00	0.1624213	0.001376	0.105267	0.000000
751.00	0.1613009	-0.001352	0.105262	0.000000
752.00	0.1601805	0.001633	0.105258	0.000000
753.00	0.1590402	-0.000002	0.105254	0.000000
754.00	0.1579867	-0.003475	0.105250	0.000000
755.00	0.1568713	-0.001186	0.105246	0.000000
756.00	0.1557310	-0.001083	0.105242	0.000000
757.00	0.1546874	-0.003016	0.105238	0.000000
758.00	0.1535373	-0.000429	0.105233	0.000000
759.00	0.1522681	-0.001269	0.105229	0.000000
760.00	0.1506866	-0.002606	0.105225	0.000000
761.00	0.1499182	-0.001310	0.105221	0.000000
762.00	0.1490258	0.000532	0.105217	0.000000
763.00	0.1476749	-0.001501	0.105213	0.000000
764.00	0.1467949	-0.000751	0.105209	0.000000
765.00	0.1458901	-0.001194	0.105204	0.000000
766.00	0.1448813	-0.000793	0.105200	0.000000
767.00	0.1438798	0.000304	0.105196	0.000000
768.00	0.1428685	-0.000039	0.105192	0.000000
769.00	0.1417282	-0.000929	0.105188	0.000000
770.00	0.1407367	-0.000975	0.105184	0.000000
771.00	0.1397055	0.000619	0.105180	0.000000
772.00	0.1386644	-0.000172	0.105175	0.000000
773.00	0.1375490	-0.000565	0.105171	0.000000
774.00	0.1365574	-0.002945	0.105167	0.000000
775.00	0.1356155	-0.000358	0.105163	0.000000
776.00	0.1346091	-0.001198	0.105159	0.000000
777.00	0.1335878	-0.000847	0.105155	0.000000
778.00	0.1326062	0.003429	0.105151	0.000000
779.00	0.1317039	0.000155	0.105146	0.000000
780.00	0.1307198	0.001550	0.105142	0.000000
781.00	0.1297655	0.002597	0.105138	0.000000
782.00	0.1288360	-0.000627	0.105134	0.000000
783.00	0.1279064	0.001761	0.105130	0.000000
784.00	0.1269050	0.000176	0.105126	0.000000
785.00	0.1260423	0.000230	0.105122	0.000000
786.00	0.1251401	0.001774	0.105117	0.000000
787.00	0.1242576	0.001976	0.105113	0.000000
788.00	0.1233950	-0.000950	0.105109	0.000000
789.00	0.1225026	0.001438	0.105105	0.000000
790.00	0.1216598	0.000399	0.105101	0.000000
791.00	0.1208542	-0.001583	0.105097	0.000000
792.00	0.1200114	-0.000685	0.105093	0.000000
793.00	0.1192306	0.001952	0.105088	0.000000
794.00	0.1184076	-0.000428	0.105084	0.000000
795.00	0.1176342	-0.000673	0.105080	0.000000
796.00	0.1168509	-0.000370	0.105076	0.000000
797.00	0.1161172	-0.000515	0.105072	0.000000
798.00	0.1153760	0.000880	0.105068	0.000000
799.00	0.1145828	-0.000408	0.105064	0.000000
800.00	0.1139631	0.000391	0.105059	0.000000
801.00	0.1132443	0.001339	0.105055	0.000000
802.00	0.1125576	-0.000246	0.105051	0.000000
803.00	0.1118933	-0.000987	0.105047	0.000000
804.00	0.1113083	-0.001281	0.105043	0.000000
805.00	0.1105944	-0.002121	0.105039	0.000000
806.00	0.1100392	-0.000776	0.105035	0.000000
807.00	0.1094641	-0.002957	0.105030	0.000000
808.00	0.1088692	0.000077	0.105026	0.000000
809.00	0.1083238	-0.002800	0.105022	0.000000
810.00	0.1078033	-0.003094	0.105018	0.000000
811.00	0.1072084	-0.002246	0.105014	0.000000
812.00	0.1067870	0.000143	0.105010	0.000000
813.00	0.1062515	0.000991	0.105006	0.000000
814.00	0.1058252	-0.000395	0.105001	0.000000
815.00	0.1053889	-0.001335	0.104997	0.000000
816.00	0.1049403	-0.000784	0.104993	0.000000
817.00	0.1045313	-0.000929	0.104989	0.000000
818.00	0.1042214	0.001360	0.104985	0.000000
819.00	0.1038000	-0.001020	0.104981	0.000000
820.00	0.1035521	0.000673	0.104977	0.000000
821.00	0.1032051	0.000528	0.104972	0.000000
822.00	0.1029002	-0.000859	0.104968	0.000000
823.00	0.1026127	0.000983	0.104964	0.000000
824.00	0.1024639	-0.000602	0.104960	0.000000
825.00	0.1021863	-0.001045	0.104956	0.000000
826.00	0.1020525	0.001393	0.104952	0.000000
827.00	0.1018913	0.002639	0.104948	0.000000
828.00	0.1015815	0.001352	0.104943	0.000000
829.00	0.1016434	-0.000979	0.104939	0.000000
830.00	0.1015195	-0.000776	0.104935	0.000000
831.00	0.1014526	-0.000523	0.104931	0.000000
832.00	0.1014030	0.000921	0.104927	0.000000
833.00	0.1013931	-0.000664	0.104923	0.000000
834.00	0.1013733	-0.000958	0.104919	0.000000
835.00	0.1014327	0.000536	0.104914	0.000000
836.00	0.1014947	-0.001049	0.104910	0.000000
837.00	0.1015815	-0.001194	0.104906	0.000000
838.00	0.1016930	0.001492	0.104902	0.000000
839.00	0.1017674	-0.001335	0.104898	0.000000
840.00	0.1019583	0.000160	0.104894	0.000000
841.00	0.1021466	0.000462	0.104890	0.000000
842.00	0.1023549	0.000218	0.104885	0.000000
843.00	0.1025829	-0.001368	0.104881	0.000000
844.00	0.1027837	-0.000072	0.104877	0.000000
845.00	0.1031059	0.001472	0.104873	0.000000
846.00	0.1033662	0.000333	0.104869	0.000000
847.00	0.1037380	0.001281	0.104865	0.000000
848.00	0.1040107	-0.000850	0.104861	0.000000
849.00	0.1044172	-0.001740	0.104856	0.000000
850.00	0.1048039	0.001592	0.104852	0.000000
851.00	0.1052204	0.000056	0.104848	0.000000
852.00	0.1056269	0.000110	0.104844	0.000000
853.00	0.1061425	0.001058	0.104840	0.000000
854.00	0.1065887	-0.000528	0.104836	0.000000
855.00	0.1070720	0.002655	0.104832	0.000000
856.00	0.1076298	0.000077	0.104827	0.000000
857.00	0.1081503	0.001323	0.104823	0.000000
858.00	0.1087105	-0.000660	0.104819	0.000000
859.00	0.1093054	0.000536	0.104815	0.000000
860.00	0.1099004	0.004315	0.104811	0.000000
861.00	0.1105151	0.002531	0.104807	0.000000
862.00	0.1111794	0.000052	0.104803	0.000000
863.00	0.1117942	-0.002427	0.104798	0.000000
864.00	0.1123519	0.003289	0.104794	0.000000
865.00	0.1131451	0.001902	0.104790	0.000000
866.00	0.1138392	-0.000478	0.104786	0.000000
867.00	0.1144837	0.002854	0.104782	0.000000
868.00	0.1152744	0.000127	0.104778	0.000000
869.00	0.1159586	0.001074	0.104774	0.000000
870.00	0.1167518	-0.000958	0.104769	0.000000
871.00	0.1175152	0.002672	0.104765	0.000000
872.00	0.1182886	-0.000701	0.104761	0.000000
873.00	0.1190942	0.003326	0.104757	0.000000
874.00	0.1199370	-0.002034	0.104753	0.000000
875.00	0.1207055	0.001497	0.104749	0.000000
876.00	0.1214615	0.001352	0.104745	0.000000
877.00	0.1223737	0.003740	0.104740	0.000000
878.00	0.1231967	0.001608	0.104736	0.000000
879.00	0.1240395	0.002159	0.104732	0.000000
880.00	0.1249442	0.001865	0.104728	0.000000
881.00	0.1258614	0.001621	0.104724	0.000000
882.00	0.1266670	-0.001008	0.104720	0.000000
883.00	0.1276089	-0.000805	0.104716	0.000000
884.00	0.1284889	0.002180	0.104711	0.000000
885.00	0.1294061	0.000197	0.104707	0.000000
886.00	0.1303356	0.000598	0.104703	0.000000
887.00	0.1312478	-0.000192	0.104699	0.000000
888.00	0.1321303	0.001352	0.104695	0.000000
889.00	0.1331119	0.001306	0.104691	0.000000
890.00	0.1340167	0.000267	0.104686	0.000000
891.00	0.1349462	-0.000374	0.104682	0.000000
892.00	0.1358510	-0.001264	0.104678	0.000000
893.00	0.1368053	0.001323	0.104674	0.000000
894.00	0.1377844	0.000135	0.104670	0.000000
895.00	0.1386396	-0.000805	0.104666	0.000000
896.00	0.1396163	-0.001695	0.104662	0.000000
897.00	0.1406078	0.000495	0.104658	0.000000
898.00	0.1414605	0.002486	0.104653	0.000000
899.00	0.1423702	-0.001881	0.104649	0.000000
900.00	0.1433494	-0.002075	0.104645	0.000000
901.00	0.1442665	-0.000879	0.104641	0.000000
902.00	0.1453076	0.000963	0.104637	0.000000
903.00	0.1463363	0.000917	0.104633	0.000000
904.00	0.1472163	-0.000916	0.104629	0.000000
905.00	0.1482227	-0.002607	0.104581	0.000000
906.00	0.1491250	-0.002002	0.104572	0.000000
907.00	0.1498934	-0.001100	0.104564	0.000000
908.00	0.1508230	0.000001	0.104555	0.000000
909.00	0.1517897	-0.001381	0.104546	0.000000
910.00	0.1526821	-0.002266	0.104538	0.000000
911.00	0.1536488	-0.000668	0.104529	0.000000
912.00	0.1545288	0.000930	0.104521	0.000000
913.00	0.1554410	-0.000800	0.104512	0.000000
914.00	0.1563234	0.001642	0.104504	0.000000
915.00	0.1571687	-0.000088	0.104495	0.000000
916.00	0.1580983	0.000815	0.104487	0.000000
917.00	0.1589411	-0.001561	0.104478	0.000000
918.00	0.1598830	-0.002446	0.104470	0.000000
919.00	0.1607258	-0.001941	0.104461	0.000000
920.00	0.1616430	-0.000939	0.104453	0.000000
921.00	0.1625105	-0.000086	0.104444	0.000000
922.00	0.1633434	-0.002114	0.104436	0.000000
923.00	0.1642160	-0.000268	0.104427	0.000000
924.00	0.1650587	-0.004233	0.104419	0.000000
925.00	0.1658693	-0.003479	0.104410	0.000000
926.00	0.1667369	-0.003223	0.104401	0.000000
927.00	0.1675673	-0.002270	0.104393	0.000000
928.00	0.1682614	-0.002063	0.104384	0.000000
929.00	0.1690670	0.000230	0.104376	0.000000
930.00	0.1695503	-0.002443	0.104367	0.000000
931.00	0.1699767	0.000396	0.104359	0.000000
932.00	0.1705518	0.000703	0.104350	0.000000
933.00	0.1712855	-0.001524	0.104342	0.000000
934.00	0.1710872	0.000819	0.104333	0.000000
935.00	0.1722522	0.000182	0.104325	0.000000
936.00	0.1732562	-0.000803	0.104316	0.000000
937.00	0.1734793	-0.000645	0.104308	0.000000
938.00	0.1742973	0.002989	0.104299	0.000000
939.00	0.1755738	0.000911	0.104291	0.000000
940.00	0.1760547	-0.000123	0.104282	0.000000
941.00	0.1764216	0.001127	0.104274	0.000000
942.00	0.1764910	0.000391	0.104265	0.000000
943.00	0.1769967	-0.000048	0.104257	0.000000
944.00	0.1774329	-0.003020	0.104248	0.000000
945.00	0.1786847	-0.000379	0.104240	0.000000
946.00	0.1792301	0.000226	0.104231	0.000000
947.00	0.1801968	-0.000312	0.104223	0.000000
948.00	0.1806678	0.000541	0.104214	0.000000
949.00	0.1812007	0.002934	0.104206	0.000000
950.00	0.1819543	-0.002968	0.104197	0.000000
951.00	0.1828962	-0.000526	0.104188	0.000000
952.00	0.1831540	0.000476	0.104180	0.000000
953.00	0.1842621	-0.001602	0.104171	0.000000
954.00	0.1844604	-0.001096	0.104163	0.000000
955.00	0.1852040	-0.000095	0.104154	0.000000
956.00	0.1856626	0.002099	0.104146	0.000000
957.00	0.1865054	0.000568	0.104137	0.000000
958.00	0.1869516	0.000775	0.104129	0.000000
959.00	0.1873581	-0.000011	0.104120	0.000000
960.00	0.1879827	0.001339	0.104112	0.000000
961.00	0.1884190	0.000652	0.104103	0.000000
962.00	0.1887735	-0.000184	0.104095	0.000000
963.00	0.1893064	0.001116	0.104086	0.000000
964.00	0.1895543	0.000926	0.104078	0.000000
965.00	0.1901492	-0.000655	0.104069	0.000000
966.00	0.1904095	-0.002236	0.104061	0.000000
967.00	0.1908879	0.001250	0.104052	0.000000
968.00	0.1911953	0.001606	0.104043	0.000000
969.00	0.1916216	-0.000025	0.104035	0.000000
970.00	0.1917307	0.000580	0.104026	0.000000
971.00	0.1920703	0.000886	0.104018	0.000000
972.00	0.1922686	0.003080	0.104009	0.000000
973.00	0.1924173	0.001052	0.104001	0.000000
974.00	0.1925289	0.001707	0.103992	0.000000
975.00	0.1928015	0.002361	0.103984	0.000000
976.00	0.1929602	0.000383	0.103975	0.000000
977.00	0.1931486	0.000590	0.103967	0.000000
978.00	0.1931982	0.000946	0.103958	0.000000
979.00	0.1932775	0.002444	0.103950	0.000000
980.00	0.1933469	0.001062	0.103941	0.000000
981.00	0.1933345	-0.001462	0.103933	0.000000
982.00	0.1933841	0.000781	0.103924	0.000000
983.00	0.1932973	0.002181	0.103916	0.000000
984.00	0.1931858	0.001494	0.103907	0.000000
985.00	0.1930792	0.000062	0.103899	0.000000
986.00	0.1929602	0.005534	0.103890	0.000000
987.00	0.1927718	0.001519	0.103882	0.000000
988.00	0.1925338	0.000435	0.103873	0.000000
989.00	0.1923157	0.001934	0.103865	0.000000
990.00	0.1919835	0.001595	0.103856	0.000000
991.00	0.1916985	-0.000334	0.103848	0.000000
992.00	0.1912399	0.000270	0.103839	0.000000
993.00	0.1908557	0.002912	0.103830	0.000000
994.00	0.1903624	0.002473	0.103822	0.000000
995.00	0.1899757	0.000147	0.103813	0.000000
996.00	0.1894205	0.002291	0.103805	0.000000
997.00	0.1889445	0.000760	0.103796	0.000000
998.00	0.1883273	0.000620	0.103788	0.000000
999.00	0.1877572	0.003310	0.103779	0.000000
1000.00	0.1871127	-0.001151	0.103771	0.000000
1001.00	0.1864310	0.002185	0.103762	0.000000
1002.00	0.1857369	0.002343	0.103754	0.000000
1003.00	0.1850553	0.000513	0.103745	0.000000
1004.00	0.1842745	-0.001415	0.103737	0.000000
1005.00	0.1834812	0.005100	0.103728	0.000000
1006.00	0.1825393	0.003370	0.103720	0.000000
1007.00	0.1818204	-0.003079	0.103711	0.000000
1008.00	0.1807422	0.001152	0.103703	0.000000
1009.00	0.1798126	-0.000032	0.103694	0.000000
1010.00	0.1788211	0.001318	0.103685	0.000000
1011.00	0.1777800	-0.001306	0.103677	0.000000
1012.00	0.1766001	0.000938	0.103668	0.000000
1013.00	0.1755193	0.003380	0.103660	0.000000
1014.00	0.1742700	0.003736	0.103651	0.000000
1015.00	0.1731000	0.001659	0.103643	0.000000
1016.00	0.1718308	0.000525	0.103634	0.000000
1017.00	0.1705171	0.001626	0.103626	0.000000
1018.00	0.1691537	-0.001197	0.103617	0.000000
1019.00	0.1678152	0.001146	0.103609	0.000000
1020.00	0.1664642	0.001304	0.103600	0.000000
1021.00	0.1649001	0.000816	0.103592	0.000000
1022.00	0.1634525	0.002116	0.103583	0.000000
1023.00	0.1617768	-0.000608	0.103575	0.000000
1024.00	0.1603589	0.000494	0.103566	0.000000
1025.00	0.1585940	0.003631	0.103558	0.000000
1026.00	0.1570200	0.002001	0.103549	0.000000
1027.00	0.1551361	0.003648	0.103541	0.000000
1028.00	0.1534877	0.002962	0.103532	0.000000
1029.00	0.1515170	0.002771	0.103524	0.000000
1030.00	0.1497447	0.002830	0.103515	0.000000
1031.00	0.1478360	0.004825	0.103507	0.000000
1032.00	0.1459620	-0.000183	0.103498	0.000000
1033.00	0.1440682	0.002756	0.103489	0.000000
1034.00	0.1419959	0.001771	0.103481	0.000000
1035.00	0.1401319	0.002475	0.103472	0.000000
1036.00	0.1379704	0.003675	0.103464	0.000000
1037.00	0.1359749	0.001200	0.103455	0.000000
1038.00	0.1338060	0.001308	0.103447	0.000000
1039.00	0.1317362	0.001118	0.103438	0.000000
1040.00	0.1295424	0.003312	0.103430	0.000000
1041.00	0.1273115	0.003519	0.103421	0.000000
1042.00	0.1253582	-0.000346	0.103413	0.000000
1043.00	0.1229884	0.004232	0.103404	0.000000
1044.00	0.1209657	0.002502	0.103396	0.000000
1045.00	0.1187348	0.006434	0.103387	0.000000
1046.00	0.1166526	0.003065	0.103379	0.000000
1047.00	0.1143597	0.000392	0.103370	0.000000
1048.00	0.1121908	-0.002232	0.103362	0.000000
1049.00	0.1100590	0.001303	0.103353	0.000000
1050.00	0.1078182	0.003050	0.103345	0.000000
1051.00	0.1057558	0.002413	0.103336	0.000000
1052.00	0.1034455	0.001179	0.103327	0.000000
1053.00	0.1012840	-0.000153	0.103319	0.000000
1054.00	0.0992390	0.001445	0.103310	0.000000
1055.00	0.0969709	0.000907	0.103302	0.000000
1056.00	0.0948763	0.002803	0.103293	0.000000
1057.00	0.0925090	0.001073	0.103285	0.000000
1058.00	0.0901790	0.002174	0.103276	0.000000
1059.00	0.0878489	0.001885	0.103268	0.000000
1060.00	0.0852709	0.004029	0.103259	0.000000
1061.00	0.0829210	0.003640	0.103251	0.000000
1062.00	0.0806207	0.003798	0.103242	0.000000
1063.00	0.0787269	0.000975	0.103234	0.000000
1064.00	0.0769545	0.003914	0.103225	0.000000
1065.00	0.0752070	0.001439	0.103217	0.000000
1066.00	0.0737073	0.001001	0.103208	0.000000
1067.00	0.0720465	0.003989	0.103200	0.000000
1068.00	0.0704972	-0.000572	0.103191	0.000000
1069.00	0.0690496	0.003112	0.103183	0.000000
1070.00	0.0674136	0.001581	0.103174	0.000000
1071.00	0.0659957	0.003080	0.103166	0.000000
1072.00	0.0644787	0.001449	0.103157	0.000000
1073.00	0.0629617	-0.001423	0.103149	0.000000
1074.00	0.0615983	0.001665	0.103140	0.000000
1075.00	0.0601234	0.002716	0.103131	0.000000
1076.00	0.0586850	0.040029	0.103121	0.000000
1077.00	0.0573638	0.001692	0.103113	0.000000
1078.00	0.0559096	0.005078	0.103104	0.000000
1079.00	0.0546805	0.001063	0.103096	0.000000
1080.00	0.0533026	0.002264	0.103087	0.000000
1081.00	0.0519571	0.003266	0.103079	0.000000
1082.00	0.0507761	0.000394	0.103070	0.000000
1083.00	0.0494892	0.003680	0.103062	0.000000
1084.00	0.0482433	0.000858	0.103053	0.000000
1085.00	0.0470912	0.002058	0.103044	0.000000
1086.00	0.0458454	-0.001807	0.103036	0.000000
1087.00	0.0446763	-0.000756	0.103027	0.000000
1088.00	0.0435740	-0.001691	0.103019	0.000000
1089.00	0.0424017	0.002341	0.103010	0.000000
1090.00	0.0413091	0.000859	0.103002	0.000000
1091.00	0.0403074	0.001414	0.102993	0.000000
1092.00	0.0391289	-0.000316	0.102985	0.000000
1093.00	0.0381223	0.002574	0.102976	0.000000
1094.00	0.0371186	0.002880	0.102968	0.000000
1095.00	0.0359994	0.002591	0.102959	0.000000
1096.00	0.0350266	0.000861	0.102951	0.000000
1097.00	0.0340738	0.002260	0.102942	0.000000
1098.00	0.0330169	0.002716	0.102934	0.000000
1099.00	0.0320962	0.002972	0.102925	0.000000
1100.00	0.0311930	0.002037	0.102917	0.000000
1101.00	0.0302935	0.000307	0.102908	0.000000
1102.00	0.0668335	0.002760	0.102840	0.000000
1103.00	0.0656251	0.000483	0.102831	0.000000
1104.00	0.0643543	0.000442	0.102823	0.000000
1105.00	0.0631574	0.003580	0.102814	0.000000
1106.00	0.0619514	0.002702	0.102897	-0.000000
1107.00	0.0607235	0.004100	0.102940	-0.000000
1108.00	0.0595530	0.003013	0.102983	-0.000000
1109.00	0.0583894	0.002921	0.103026	-0.000000
1110.00	0.0572295	0.005560	0.103070	-0.000000
1111.00	0.0560099	0.002686	0.103112	-0.000000
1112.00	0.0548393	0.002494	0.103156	-0.000000
1113.00	0.0535905	0.003543	0.103199	-0.000000
1114.00	0.0524174	0.002209	0.103242	-0.000000
1115.00	0.0511856	0.001967	0.103285	-0.000000
1116.00	0.0499946	0.003663	0.103328	-0.000000
1117.00	0.0487617	0.001881	0.103371	-0.000000
1118.00	0.0477825	0.003527	0.103414	-0.000000
1119.00	0.0465554	0.002689	0.103457	-0.000000
1120.00	0.0453818	0.002150	0.103500	-0.000000
1121.00	0.0443814	0.000865	0.103543	-0.000000
1122.00	0.0428904	0.001169	0.103586	-0.000000
1123.00	0.0420114	-0.001158	0.103629	-0.000000
1124.00	0.0411353	0.000388	0.103672	-0.000000
1125.00	0.0400091	0.001090	0.103715	-0.000000
1126.00	0.0390045	0.000451	0.103758	-0.000000
1127.00	0.0383156	0.001898	0.103801	-0.000000
1128.00	0.0371233	0.004041	0.103844	-0.000000
1129.00	0.0361827	0.003501	0.103887	-0.000000
1130.00	0.0352035	-0.002503	0.103930	-0.000000
1131.00	0.0345285	0.000484	0.103973	-0.000000
1132.00	0.0335438	0.001286	0.104016	-0.000000
1133.00	0.0324535	0.001143	0.104059	-0.000000
1134.00	0.0310074	-0.000738	0.104102	-0.000000
1135.00	0.0298415	0.001256	0.104145	-0.000000
1136.00	0.0293295	0.002504	0.104188	-0.000000
1137.00	0.0287303	0.001369	0.104231	-0.000000
1138.00	0.0277810	-0.000015	0.104274	-0.000000
1139.00	0.0270011	0.002624	0.104317	-0.000000
1140.00	0.0261766	0.000544	0.104360	-0.000000
1141.00	0.0252118	-0.001188	0.104403	-0.000000
1142.00	0.0244863	0.000557	0.104446	-0.000000
1143.00	0.0237196	0.001707	0.104489	-0.000000
1144.00	0.0227254	-0.001466	0.104532	-0.000000
1145.00	0.0219692	0.000279	0.104575	-0.000000
1146.00	0.0211831	0.000534	0.104618	-0.000000
1147.00	0.0203621	-0.001694	0.104661	-0.000000
1148.00	0.0197741	0.001044	0.104704	-0.000000
1149.00	0.0189569	0.000306	0.104747	-0.000000
1150.00	0.0181855	-0.001773	0.104790	-0.000000
1151.00	0.0175406	-0.000922	0.104832	-0.000000
1152.00	0.0167533	-0.001114	0.104875	-0.000000
1153.00	0.0160805	-0.002696	0.104918	-0.000000
1154.00	0.0153901	-0.000753	0.104962	-0.000000
1155.00	0.0147348	0.002483	0.105004	-0.000000
1156.00	0.0140397	0.000552	0.105048	-0.000000
1157.00	0.0133956	0.000112	0.105091	-0.000000
1158.00	0.0127478	-0.002961	0.105134	-0.000000
1159.00	0.0121458	-0.001614	0.105177	-0.000000
1160.00	0.0115159	-0.000464	0.105220	-0.000000
1161.00	0.0109149	0.004013	0.105263	-0.000000
1162.00	0.0103359	0.000791	0.105306	-0.000001
1163.00	0.0097790	0.000152	0.105349	-0.000001
1164.00	0.0092321	0.001052	0.105392	-0.000001
1165.00	0.0086839	-0.001872	0.105435	-0.000001
1166.00	0.0081819	-0.002660	0.105478	-0.000001
1167.00	0.0077047	-0.000368	0.105521	-0.000001
1168.00	0.0072413	-0.001206	0.105564	-0.000001
1169.00	0.0067599	-0.001398	0.105607	-0.000001
1170.00	0.0062995	-0.001838	0.105650	-0.000001
1171.00	0.0058438	0.069577	0.105710	-0.000001
1172.00	0.0053658	-0.000948	0.105753	-0.000001
1173.00	0.0048856	-0.001587	0.105796	-0.000001
1174.00	0.0043591	-0.002773	0.105839	-0.000001
1175.00	0.0038065	-0.002716	0.105882	-0.000001
1176.00	0.0032724	-0.003057	0.105925	-0.000001
1177.00	0.0027387	-0.002306	0.105968	-0.000001
1178.00	0.0022749	-0.002100	0.106011	-0.000001
1179.00	0.0018913	-0.003584	0.106054	-0.000001
1180.00	0.0016443	-0.002633	0.106097	-0.000001
1181.00	0.0014732	-0.002180	0.106140	-0.000001
1182.00	0.0013500	-0.002620	0.106183	-0.000001
1183.00	0.0012439	-0.001670	0.106226	-0.000001
1184.00	0.0011641	-0.000223	0.106269	-0.000001
1185.00	0.0010927	-0.005084	0.106312	-0.000001
1186.00	0.0010301	-0.007014	0.106355	-0.000001
1187.00	0.0009743	-0.002587	0.106398	-0.000001
1188.00	0.0009167	-0.002332	0.106441	-0.000001
1189.00	0.0008701	-0.001878	0.106484	-0.000001
1190.00	0.0008264	-0.001226	0.106527	-0.000001
1191.00	0.0007846	0.001960	0.106570	-0.000001
1192.00	0.0007445	-0.000418	0.106613	-0.000001
1193.00	0.0007075	-0.002398	0.106656	-0.000001
1194.00	0.0006733	-0.001249	0.106699	-0.000001
1195.00	0.0006417	-0.002781	0.106742	-0.000001
1196.00	0.0006115	-0.003321	0.106785	-0.000001
1197.00	0.0005811	-0.006195	0.106828	-0.000001
1198.00	0.0005522	-0.005741	0.106871	-0.000001
1199.00	0.0005253	-0.000072	0.106914	-0.000001
1200.00	0.0004993	-0.001755	0.106957	-0.000001
