Bentham+Kilukarp+B487 datafile
2024-11-16 17:42:58
Slits: 1.000
Avg: 3
Comment: u' filter full slot 1_0 (SDSS u')

00:00:03	-0.000001	0.105103	24.2	-1.5	4.3
00:03:08	-0.000001	0.105749	24.2	-1.5	4.3
00:06:13	-0.000001	0.102520	24.2	-1.5	4.3
00:09:18	-0.000001	0.103116	24.2	-1.5	4.3
00:12:24	-0.000001	0.106841	24.2	-1.5	4.3
00:13:51	-0.000001	0.102669	24.2	-1.5	4.3

nm	b487	kilu
300.00	0.0000011	-0.003166	0.105139	-0.000001
301.00	0.0000011	-0.001828	0.105142	-0.000001
302.00	-0.0000003	-0.003569	0.105145	-0.000001
303.00	-0.0000006	0.000650	0.105148	-0.000001
304.00	-0.0000004	-0.003277	0.105151	-0.000001
305.00	-0.0000000	-0.002634	0.105154	-0.000001
306.00	0.0000002	-0.003035	0.105157	-0.000001
307.00	-0.0000005	-0.002640	0.105160	-0.000001
308.00	-0.0000003	-0.000557	0.105163	-0.000001
309.00	-0.0000007	-0.001951	0.105166	-0.000001
310.00	-0.0000005	0.001920	0.105169	-0.000001
311.00	0.0000002	-0.000138	0.105192	-0.000001
312.00	0.0000002	-0.001632	0.105195	-0.000001
313.00	-0.0000003	-0.001982	0.105198	-0.000001
314.00	-0.0000008	-0.002184	0.105201	-0.000001
315.00	-0.0000003	-0.003826	0.105204	-0.000001
316.00	-0.0000002	-0.002438	0.105207	-0.000001
317.00	0.0000002	-0.000107	0.105210	-0.000001
318.00	0.0000002	-0.000706	0.105213	-0.000001
319.00	-0.0000003	0.001129	0.105216	-0.000001
320.00	-0.0000003	-0.002848	0.105219	-0.000001
321.00	-0.0000000	-0.002006	0.105222	-0.000001
322.00	0.0000017	-0.002208	0.105225	-0.000001
323.00	0.0000042	-0.003602	0.105228	-0.000001
324.00	0.0000243	-0.004300	0.105231	-0.000001
325.00	0.0003091	-0.003161	0.105234	-0.000001
326.00	0.0007635	-0.003362	0.105237	-0.000001
327.00	0.0008844	-0.003514	0.105240	-0.000001
328.00	0.0009627	-0.001779	0.105243	-0.000001
329.00	0.0010122	-0.001086	0.105246	-0.000001
330.00	0.0010349	-0.002331	0.105249	-0.000001
331.00	0.0011346	-0.004470	0.105252	-0.000001
332.00	0.0012322	-0.001791	0.105255	-0.000001
333.00	0.0012881	-0.002092	0.105258	-0.000001
334.00	0.0013385	-0.001449	0.105261	-0.000001
335.00	0.0014003	-0.003588	0.105264	-0.000001
336.00	0.0014772	-0.001058	0.105267	-0.000001
337.00	0.0015254	-0.000514	0.105270	-0.000001
338.00	0.0015873	-0.003001	0.105273	-0.000001
339.00	0.0016928	-0.001861	0.105276	-0.000001
340.00	0.0017545	-0.003404	0.105279	-0.000001
341.00	0.0017967	-0.003109	0.105282	-0.000001
342.00	0.0019120	-0.001622	0.105284	-0.000001
343.00	0.0020250	0.001405	0.105288	-0.000001
344.00	0.0020803	0.001302	0.105290	-0.000001
345.00	0.0021700	0.000157	0.105293	-0.000001
346.00	0.0022963	-0.002826	0.105297	-0.000001
347.00	0.0023640	-0.003276	0.105299	-0.000001
348.00	0.0024138	-0.005862	0.105302	-0.000001
349.00	0.0025318	-0.001146	0.105305	-0.000001
350.00	0.0026764	-0.002192	0.105308	-0.000001
351.00	0.0027876	-0.001401	0.105311	-0.000001
352.00	0.0028865	-0.002099	0.105314	-0.000001
353.00	0.0029775	0.000232	0.105317	-0.000001
354.00	0.0030505	-0.001161	0.105320	-0.000001
355.00	0.0031419	-0.005436	0.105323	-0.000001
356.00	0.0032568	-0.002657	0.105326	-0.000001
357.00	0.0033292	-0.001369	0.105329	-0.000001
358.00	0.0033552	-0.001074	0.105332	-0.000001
359.00	0.0034197	-0.003064	0.105335	-0.000001
360.00	0.0035394	-0.001130	0.105338	-0.000001
361.00	0.0036238	-0.003666	0.105341	-0.000001
362.00	0.0036544	-0.003123	0.105344	-0.000001
363.00	0.0037012	-0.003374	0.105347	-0.000001
364.00	0.0037772	-0.001688	0.105350	-0.000001
365.00	0.0038104	-0.003330	0.105353	-0.000001
366.00	0.0037846	-0.002389	0.105356	-0.000001
367.00	0.0037662	-0.003734	0.105359	-0.000001
368.00	0.0037702	-0.002048	0.105362	-0.000001
369.00	0.0037379	0.001029	0.105365	-0.000001
370.00	0.0036499	-0.002103	0.105368	-0.000001
371.00	0.0035545	-0.001808	0.105371	-0.000001
372.00	0.0034598	-0.001662	0.105374	-0.000001
373.00	0.0033101	-0.002758	0.105377	-0.000001
374.00	0.0030857	-0.002364	0.105380	-0.000001
375.00	0.0028605	-0.000430	0.105383	-0.000001
376.00	0.0026560	-0.001823	0.105386	-0.000001
377.00	0.0024461	-0.002075	0.105389	-0.000001
378.00	0.0021604	-0.001531	0.105392	-0.000001
379.00	0.0018532	-0.004465	0.105395	-0.000001
380.00	0.0015744	-0.003226	0.105398	-0.000001
381.00	0.0013280	-0.002484	0.105401	-0.000001
382.00	0.0011005	-0.002139	0.105404	-0.000001
383.00	0.0008703	-0.001099	0.105407	-0.000001
384.00	0.0006593	-0.001798	0.105410	-0.000001
385.00	0.0004819	-0.004632	0.105413	-0.000001
386.00	0.0003404	-0.002151	0.105416	-0.000001
387.00	0.0002297	-0.001558	0.105419	-0.000001
388.00	0.0001489	-0.002654	0.105422	-0.000001
389.00	0.0000906	-0.001415	0.105425	-0.000001
390.00	0.0000528	-0.001766	0.105428	-0.000001
391.00	0.0000290	-0.005395	0.105431	-0.000001
392.00	0.0000148	-0.003361	0.105434	-0.000001
393.00	0.0000073	0.000013	0.105437	-0.000001
394.00	0.0000033	-0.003268	0.105440	-0.000001
395.00	0.0000018	-0.002625	0.105443	-0.000001
396.00	0.0000005	-0.002380	0.105446	-0.000001
397.00	-0.0000002	-0.003029	0.105449	-0.000001
398.00	-0.0000003	-0.004224	0.105452	-0.000001
399.00	-0.0000002	0.000144	0.105455	-0.000001
400.00	-0.0000001	-0.002347	0.105463	-0.000001
401.00	-0.0000005	-0.005628	0.105466	-0.000001
402.00	-0.0000005	-0.002701	0.105469	-0.000001
403.00	-0.0000000	-0.003300	0.105472	-0.000001
404.00	0.0000003	-0.002558	0.105475	-0.000001
405.00	-0.0000002	-0.004399	0.105478	-0.000001
406.00	-0.0000004	-0.002961	0.105481	-0.000001
407.00	-0.0000007	-0.004951	0.105484	-0.000001
408.00	-0.0000002	-0.003365	0.105487	-0.000001
409.00	0.0000000	-0.003864	0.105490	-0.000001
410.00	0.0000004	-0.004861	0.105493	-0.000001
411.00	-0.0000001	-0.002132	0.105496	-0.000001
412.00	-0.0000006	-0.002234	0.105499	-0.000001
413.00	-0.0000006	-0.002982	0.105502	-0.000001
414.00	-0.0000001	-0.000849	0.105505	-0.000001
415.00	0.0000004	-0.001945	0.105508	-0.000001
416.00	-0.0000000	-0.002445	0.105511	-0.000001
417.00	-0.0000001	-0.003044	0.105514	-0.000001
418.00	-0.0000006	-0.002749	0.105517	-0.000001
419.00	-0.0000004	-0.003249	0.105520	-0.000001
420.00	-0.0000001	-0.003997	0.105523	-0.000001
421.00	0.0000004	-0.001019	0.105526	-0.000001
422.00	-0.0000001	-0.005791	0.105529	-0.000001
423.00	-0.0000003	-0.003757	0.105532	-0.000001
424.00	-0.0000006	-0.003413	0.105535	-0.000001
425.00	-0.0000001	-0.004210	0.105538	-0.000001
426.00	0.0000003	-0.002773	0.105541	-0.000001
427.00	0.0000004	-0.003670	0.105544	-0.000001
428.00	-0.0000006	-0.004170	0.105547	-0.000001
429.00	-0.0000006	-0.004322	0.105550	-0.000001
430.00	-0.0000007	-0.004027	0.105553	-0.000001
431.00	0.0000001	-0.003086	0.105556	-0.000001
432.00	0.0000004	-0.002095	0.105559	-0.000001
433.00	0.0000003	-0.002595	0.105562	-0.000001
434.00	-0.0000002	-0.002101	0.105565	-0.000001
435.00	-0.0000006	-0.002055	0.105568	-0.000001
436.00	-0.0000001	-0.001809	0.105571	-0.000001
437.00	-0.0000002	-0.002359	0.105574	-0.000001
438.00	0.0000004	-0.003107	0.105577	-0.000001
439.00	-0.0000001	-0.001520	0.105580	-0.000001
440.00	-0.0000003	-0.003758	0.105583	-0.000001
441.00	-0.0000005	-0.003116	0.105586	-0.000001
442.00	-0.0000001	0.000954	0.105589	-0.000001
443.00	0.0000004	-0.002178	0.105592	-0.000001
444.00	0.0000004	-0.004267	0.105595	-0.000001
445.00	-0.0000001	-0.001687	0.105598	-0.000001
446.00	-0.0000004	-0.001690	0.105601	-0.000001
447.00	-0.0000001	-0.002289	0.105604	-0.000001
448.00	0.0000002	-0.002739	0.105607	-0.000001
449.00	0.0000004	-0.002792	0.105610	-0.000001
450.00	0.0000004	-0.002547	0.105613	-0.000001
451.00	-0.0000002	-0.001705	0.105616	-0.000001
452.00	-0.0000006	-0.002453	0.105619	-0.000001
453.00	-0.0000001	-0.002903	0.105622	-0.000001
454.00	0.0000004	-0.002757	0.105625	-0.000001
455.00	0.0000004	-0.002661	0.105628	-0.000001
456.00	0.0000001	-0.000826	0.105631	-0.000001
457.00	-0.0000002	-0.002766	0.105634	-0.000001
458.00	-0.0000004	-0.002124	0.105637	-0.000001
459.00	-0.0000001	-0.000339	0.105640	-0.000001
460.00	0.0000004	-0.002676	0.105643	-0.000001
461.00	0.0000004	-0.000990	0.105646	-0.000001
462.00	0.0000000	0.000447	0.105649	-0.000001
463.00	-0.0000004	0.002232	0.105652	-0.000001
464.00	-0.0000002	-0.000055	0.105655	-0.000001
465.00	0.0000002	-0.003883	0.105658	-0.000001
466.00	0.0000004	-0.000658	0.105661	-0.000001
467.00	0.0000003	-0.002200	0.105664	-0.000001
468.00	-0.0000000	-0.002899	0.105667	-0.000001
469.00	-0.0000005	0.000873	0.105670	-0.000001
470.00	-0.0000000	-0.001166	0.105673	-0.000001
471.00	0.0000004	-0.001616	0.105676	-0.000001
472.00	0.0000005	0.000467	0.105679	-0.000001
473.00	0.0000001	-0.001126	0.105682	-0.000001
474.00	-0.0000002	0.000809	0.105685	-0.000001
475.00	-0.0000000	-0.000784	0.105688	-0.000001
476.00	0.0000002	-0.002178	0.105691	-0.000001
477.00	0.0000005	-0.000740	0.105694	-0.000001
478.00	0.0000005	-0.002631	0.105697	-0.000001
479.00	-0.0000001	-0.001392	0.105700	-0.000001
480.00	-0.0000003	-0.000203	0.105703	-0.000001
481.00	-0.0000000	-0.002689	0.105706	-0.000001
482.00	0.0000005	-0.003388	0.105709	-0.000001
483.00	0.0000005	-0.000857	0.105712	-0.000001
484.00	-0.0000000	0.000481	0.105715	-0.000001
485.00	-0.0000003	-0.001012	0.105718	-0.000001
486.00	-0.0000003	0.001120	0.105721	-0.000001
487.00	0.0000001	-0.001466	0.105724	-0.000001
488.00	0.0000005	-0.000773	0.105727	-0.000001
489.00	0.0000005	0.000565	0.105730	-0.000001
490.00	-0.0000000	0.002300	0.105733	-0.000001
491.00	0.0000003	-0.003286	0.105707	-0.000001
492.00	0.0000005	-0.001234	0.105692	-0.000001
493.00	0.0000004	-0.003604	0.105676	-0.000001
494.00	-0.0000001	-0.001155	0.105661	-0.000001
495.00	-0.0000006	-0.002183	0.105646	-0.000001
496.00	0.0000001	-0.001075	0.105631	-0.000001
497.00	0.0000005	-0.002451	0.105616	-0.000001
498.00	0.0000005	-0.002436	0.105601	-0.000001
499.00	0.0000000	-0.002570	0.105586	-0.000001
500.00	-0.0000002	-0.002306	0.105571	-0.000001
501.00	0.0000001	-0.003533	0.105556	-0.000001
502.00	0.0000005	-0.004213	0.105541	-0.000001
503.00	0.0000005	-0.004447	0.105526	-0.000001
504.00	0.0000000	-0.001849	0.105511	-0.000001
505.00	-0.0000001	-0.001139	0.105496	-0.000001
506.00	0.0000000	0.001757	0.105481	-0.000001
507.00	0.0000005	-0.000910	0.105466	-0.000001
508.00	0.0000005	-0.002832	0.105451	-0.000001
509.00	0.0000000	0.001057	0.105436	-0.000001
510.00	-0.0000002	-0.000666	0.105421	-0.000001
511.00	0.0000000	-0.001794	0.105406	-0.000001
512.00	0.0000004	-0.002772	0.105391	-0.000001
513.00	0.0000005	-0.001664	0.105376	-0.000001
514.00	0.0000000	-0.000358	0.105361	-0.000001
515.00	-0.0000003	-0.001535	0.105346	-0.000001
516.00	0.0000000	-0.001569	0.105331	-0.000001
517.00	0.0000004	-0.002101	0.105316	-0.000001
518.00	0.0000005	-0.000447	0.105301	-0.000001
519.00	0.0000001	-0.000183	0.105286	-0.000001
520.00	-0.0000003	-0.000963	0.105271	-0.000001
521.00	-0.0000001	-0.001594	0.105256	-0.000001
522.00	0.0000002	-0.003516	0.105241	-0.000001
523.00	0.0000005	-0.002259	0.105226	-0.000001
524.00	0.0000000	-0.000903	0.105211	-0.000001
525.00	-0.0000003	-0.003520	0.105196	-0.000001
526.00	-0.0000005	-0.004499	0.105181	-0.000001
527.00	0.0000003	0.000930	0.105166	-0.000001
528.00	0.0000005	-0.002234	0.105151	-0.000001
529.00	0.0000000	-0.002219	0.105136	-0.000001
530.00	-0.0000003	-0.002998	0.105121	-0.000001
531.00	-0.0000003	-0.001741	0.105106	-0.000001
532.00	0.0000003	-0.001975	0.105091	-0.000001
533.00	0.0000005	-0.001761	0.105076	-0.000001
534.00	0.0000002	-0.001945	0.105061	-0.000001
535.00	-0.0000003	-0.000688	0.105046	-0.000001
536.00	-0.0000003	-0.005441	0.105031	-0.000001
537.00	0.0000002	-0.002794	0.105016	-0.000001
538.00	0.0000005	-0.003623	0.105001	-0.000001
539.00	0.0000002	-0.000628	0.104986	-0.000001
540.00	-0.0000002	-0.002451	0.104971	-0.000001
541.00	-0.0000003	-0.002237	0.104956	-0.000001
542.00	0.0000002	0.000411	0.104941	-0.000001
543.00	0.0000005	-0.002505	0.104926	-0.000001
544.00	0.0000003	-0.003533	0.104911	-0.000001
545.00	-0.0000001	-0.004313	0.104896	-0.000001
546.00	-0.0000002	-0.001069	0.104881	-0.000001
547.00	0.0000001	-0.001650	0.104866	-0.000001
548.00	0.0000006	-0.002629	0.104850	-0.000001
549.00	0.0000005	-0.003458	0.104835	-0.000001
550.00	0.0000001	-0.001158	0.104821	-0.000001
551.00	-0.0000004	-0.001541	0.104806	-0.000001
552.00	0.0000001	-0.002171	0.104791	-0.000001
553.00	0.0000006	-0.004938	0.104776	-0.000001
554.00	0.0000006	-0.002539	0.104761	-0.000001
555.00	0.0000001	-0.003169	0.104746	-0.000001
556.00	-0.0000003	-0.003452	0.104731	-0.000001
557.00	0.0000001	-0.002692	0.104716	-0.000001
558.00	0.0000005	-0.001386	0.104701	-0.000001
559.00	0.0000006	-0.002563	0.104686	-0.000001
560.00	0.0000001	-0.001207	0.104670	-0.000001
561.00	-0.0000004	0.001590	0.104655	-0.000001
562.00	-0.0000001	0.000562	0.104640	-0.000001
563.00	0.0000004	-0.003546	0.104625	-0.000001
564.00	0.0000006	-0.002289	0.104610	-0.000001
565.00	-0.0000002	-0.002324	0.104595	-0.000001
566.00	-0.0000002	-0.001415	0.104580	-0.000001
567.00	-0.0000002	-0.001499	0.104565	-0.000001
568.00	0.0000001	-0.003868	0.104550	-0.000001
569.00	0.0000006	-0.000972	0.104535	-0.000001
570.00	0.0000002	-0.002149	0.104520	-0.000001
571.00	-0.0000002	0.001641	0.104505	-0.000001
572.00	-0.0000004	-0.000232	0.104490	-0.000001
573.00	0.0000001	0.001621	0.104475	-0.000001
574.00	0.0000004	-0.000251	0.104460	-0.000001
575.00	0.0000004	-0.001180	0.104445	-0.000001
576.00	0.0000001	-0.001513	0.104430	-0.000001
577.00	-0.0000004	-0.000008	0.104415	-0.000001
578.00	0.0000001	-0.000738	0.104400	-0.000001
579.00	0.0000003	-0.000375	0.104385	-0.000001
580.00	0.0000006	-0.003787	0.104370	-0.000001
581.00	0.0000001	-0.000295	0.104355	-0.000001
582.00	-0.0000003	-0.002267	0.104340	-0.000001
583.00	-0.0000003	-0.002947	0.104325	-0.000001
584.00	0.0000001	-0.004124	0.104310	-0.000001
585.00	0.0000006	-0.001427	0.104295	-0.000001
586.00	0.0000005	-0.001363	0.104280	-0.000001
587.00	0.0000001	-0.002887	0.104265	-0.000001
588.00	-0.0000004	-0.001332	0.104250	-0.000001
589.00	-0.0000002	-0.002261	0.104235	-0.000001
590.00	0.0000001	-0.001650	0.104220	-0.000001
591.00	0.0000006	-0.000989	0.104205	-0.000001
592.00	0.0000006	-0.002564	0.104190	-0.000001
593.00	0.0000001	-0.001953	0.104175	-0.000001
594.00	-0.0000004	-0.004968	0.104160	-0.000001
595.00	-0.0000004	-0.002519	0.104145	-0.000001
596.00	0.0000002	-0.003895	0.104130	-0.000001
597.00	0.0000006	-0.001347	0.104115	-0.000001
598.00	0.0000004	-0.001580	0.104100	-0.000001
599.00	-0.0000000	-0.002856	0.104085	-0.000001
600.00	-0.0000004	-0.000854	0.104070	-0.000001
601.00	-0.0000001	-0.002330	0.104055	-0.000001
602.00	0.0000003	-0.001470	0.104040	-0.000001
603.00	0.0000006	-0.003839	0.104025	-0.000001
604.00	0.0000003	0.001540	0.104010	-0.000001
605.00	-0.0000000	-0.000084	0.103995	-0.000001
606.00	-0.0000004	-0.002403	0.103980	-0.000001
607.00	0.0000001	-0.002289	0.103965	-0.000001
608.00	0.0000004	0.001898	0.103950	-0.000001
609.00	0.0000006	-0.000521	0.103935	-0.000001
610.00	0.0000001	0.000538	0.103920	-0.000001
611.00	-0.0000003	0.000106	0.103905	-0.000001
612.00	-0.0000003	0.001511	0.103890	-0.000001
613.00	-0.0000004	-0.000808	0.103875	-0.000001
614.00	0.0000006	-0.000644	0.103860	-0.000001
615.00	-0.0000001	0.000066	0.103844	-0.000001
616.00	0.0000001	0.001373	0.103829	-0.000001
617.00	-0.0000004	-0.003182	0.103814	-0.000001
618.00	-0.0000004	-0.000932	0.103799	-0.000001
619.00	0.0000001	-0.003152	0.103784	-0.000001
620.00	0.0000006	0.000191	0.103769	-0.000001
621.00	0.0000004	0.000603	0.103754	-0.000001
622.00	0.0000000	0.000072	0.103739	-0.000001
623.00	-0.0000004	-0.001900	0.103724	-0.000001
624.00	0.0000000	-0.000047	0.103709	-0.000001
625.00	0.0000003	0.000167	0.103694	-0.000001
626.00	0.0000006	-0.000364	0.103679	-0.000001
627.00	0.0000003	-0.000946	0.103664	-0.000001
628.00	0.0000000	-0.001328	0.103649	-0.000001
629.00	-0.0000004	-0.001313	0.103634	-0.000001
630.00	0.0000000	-0.000652	0.103619	-0.000001
631.00	0.0000005	0.002293	0.103604	-0.000001
632.00	0.0000006	0.000024	0.103589	-0.000001
633.00	0.0000003	0.002324	0.103574	-0.000001
634.00	-0.0000002	-0.000344	0.103559	-0.000001
635.00	-0.0000004	-0.001173	0.103544	-0.000001
636.00	0.0000001	-0.001108	0.103529	-0.000001
637.00	0.0000006	-0.004521	0.103514	-0.000001
638.00	0.0000004	0.003839	0.103499	-0.000001
639.00	0.0000000	0.000476	0.103484	-0.000001
640.00	-0.0000004	-0.001744	0.103469	-0.000001
641.00	0.0000000	-0.002474	0.103454	-0.000001
642.00	0.0000004	0.001316	0.103439	-0.000001
643.00	0.0000006	-0.000209	0.103424	-0.000001
644.00	0.0000001	-0.000144	0.103409	-0.000001
645.00	-0.0000004	0.002454	0.103394	-0.000001
646.00	-0.0000007	0.002171	0.103379	-0.000001
647.00	0.0000001	0.001689	0.103364	-0.000001
648.00	0.0000006	0.000611	0.103349	-0.000001
649.00	0.0000002	0.001173	0.103334	-0.000001
650.00	-0.0000000	-0.000302	0.103319	-0.000001
651.00	-0.0000003	0.000557	0.103304	-0.000001
652.00	0.0000002	0.000721	0.103289	-0.000001
653.00	0.0000007	-0.001698	0.103274	-0.000001
654.00	0.0000005	-0.001881	0.103259	-0.000001
655.00	0.0000000	-0.000426	0.103244	-0.000001
656.00	-0.0000003	-0.001752	0.103229	-0.000001
657.00	0.0000001	0.001442	0.103214	-0.000001
658.00	0.0000005	0.001308	0.103199	-0.000001
659.00	0.0000005	-0.000862	0.103184	-0.000001
660.00	0.0000002	0.002133	0.103169	-0.000001
661.00	-0.0000002	0.000062	0.103154	-0.000001
662.00	-0.0000001	0.000176	0.103139	-0.000001
663.00	0.0000002	-0.000951	0.103124	-0.000001
664.00	0.0000005	0.000653	0.103109	-0.000001
665.00	0.0000003	0.000221	0.103094	-0.000001
666.00	-0.0000005	-0.001552	0.103079	-0.000001
667.00	-0.0000003	0.000351	0.103064	-0.000001
668.00	0.0000002	0.000614	0.103049	-0.000001
669.00	0.0000003	-0.000613	0.103034	-0.000001
670.00	-0.0000002	0.000048	0.103019	-0.000001
671.00	0.0000000	-0.000285	0.103003	-0.000001
672.00	-0.0000003	0.001419	0.102988	-0.000001
673.00	-0.0000002	0.001831	0.102973	-0.000001
674.00	0.0000003	-0.000538	0.102958	-0.000001
675.00	0.0000003	0.003054	0.102943	-0.000001
676.00	0.0000001	0.003218	0.102928	-0.000001
677.00	-0.0000003	-0.000791	0.102913	-0.000001
678.00	0.0000001	0.001807	0.102898	-0.000001
679.00	0.0000004	0.003064	0.102883	-0.000001
680.00	0.0000004	0.001788	0.102868	-0.000001
681.00	0.0000002	-0.000532	0.102853	-0.000001
682.00	-0.0000003	0.001371	0.102838	-0.000001
683.00	0.0000001	0.001932	0.102823	-0.000001
684.00	0.0000006	0.001102	0.102808	-0.000001
685.00	0.0000004	0.000372	0.102793	-0.000001
686.00	0.0000001	0.002473	0.102778	-0.000001
687.00	-0.0000003	0.004972	0.102763	-0.000001
688.00	0.0000001	0.000169	0.102748	-0.000001
689.00	0.0000006	0.002072	0.102733	-0.000001
690.00	0.0000001	0.000447	0.102718	-0.000001
691.00	0.0000002	0.001307	0.102703	-0.000001
692.00	-0.0000007	0.004252	0.102688	-0.000001
693.00	0.0000002	0.000989	0.102673	-0.000001
694.00	0.0000007	0.001799	0.102658	-0.000001
695.00	0.0000007	0.003503	0.102643	-0.000001
696.00	0.0000007	0.002872	0.102628	-0.000001
697.00	0.0000007	0.001248	0.102613	-0.000001
698.00	0.0000012	0.001859	0.102598	-0.000001
699.00	0.0000018	0.001085	0.102528	-0.000001
700.00	-0.0000003	0.003164	0.102535	-0.000001
701.00	0.0000006	0.004155	0.102538	-0.000001
702.00	0.0000007	0.004202	0.102540	-0.000001
703.00	0.0000002	0.001119	0.102543	-0.000001
704.00	-0.0000000	0.000967	0.102546	-0.000001
705.00	0.0000002	0.000220	0.102549	-0.000001
706.00	0.0000006	0.000714	0.102551	-0.000001
707.00	0.0000007	0.001257	0.102554	-0.000001
708.00	0.0000005	0.004433	0.102557	-0.000001
709.00	0.0000001	0.002543	0.102560	-0.000001
710.00	-0.0000002	0.002789	0.102563	-0.000001
711.00	0.0000002	0.002339	0.102565	-0.000001
712.00	0.0000007	0.000846	0.102568	-0.000001
713.00	0.0000007	0.005065	0.102571	-0.000001
714.00	0.0000002	0.000046	0.102574	-0.000001
715.00	-0.0000003	0.000490	0.102576	-0.000001
716.00	0.0000001	0.002325	0.102579	-0.000001
717.00	0.0000005	0.003018	0.102582	-0.000001
718.00	0.0000007	0.002071	0.102585	-0.000001
719.00	0.0000003	0.001572	0.102587	-0.000001
720.00	0.0000001	0.001966	0.102590	-0.000001
721.00	-0.0000003	0.000573	0.102593	-0.000001
722.00	0.0000002	0.003799	0.102596	-0.000001
723.00	0.0000005	0.002504	0.102598	-0.000001
724.00	0.0000007	0.000912	0.102601	-0.000001
725.00	0.0000002	0.001853	0.102604	-0.000001
726.00	-0.0000002	0.001602	0.102607	-0.000001
727.00	-0.0000001	-0.000785	0.102609	-0.000001
728.00	0.0000003	0.000901	0.102612	-0.000001
729.00	0.0000007	0.002985	0.102615	-0.000001
730.00	0.0000004	0.003628	0.102618	-0.000001
731.00	0.0000001	0.002333	0.102621	-0.000001
732.00	-0.0000002	0.000145	0.102623	-0.000001
733.00	0.0000003	0.002079	0.102626	-0.000001
734.00	0.0000008	-0.001251	0.102629	-0.000001
735.00	0.0000005	0.002769	0.102632	-0.000001
736.00	0.0000002	0.002419	0.102634	-0.000001
737.00	-0.0000002	-0.000415	0.102637	-0.000001
738.00	0.0000003	0.001420	0.102640	-0.000001
739.00	0.0000005	0.001914	0.102643	-0.000001
740.00	0.0000005	0.003749	0.102645	-0.000001
741.00	0.0000003	0.003200	0.102648	-0.000001
742.00	-0.0000002	0.003296	0.102651	-0.000001
743.00	0.0000001	0.003194	0.102654	-0.000001
744.00	0.0000005	0.003092	0.102656	-0.000001
745.00	0.0000005	0.003983	0.102659	-0.000001
746.00	0.0000002	-0.000589	0.102662	-0.000001
747.00	-0.0000002	0.000799	0.102665	-0.000001
748.00	0.0000000	0.000051	0.102668	-0.000001
749.00	0.0000004	0.000793	0.102670	-0.000001
750.00	0.0000007	0.002728	0.102673	-0.000001
751.00	0.0000003	0.001881	0.102676	-0.000001
752.00	-0.0000002	0.001183	0.102679	-0.000001
753.00	0.0000001	0.001229	0.102681	-0.000001
754.00	0.0000004	0.000482	0.102684	-0.000001
755.00	0.0000007	-0.000117	0.102687	-0.000001
756.00	0.0000003	0.000575	0.102690	-0.000001
757.00	-0.0000002	0.001963	0.102692	-0.000001
758.00	0.0000000	-0.000175	0.102695	-0.000001
759.00	0.0000004	0.000219	0.102698	-0.000001
760.00	0.0000008	0.001111	0.102701	-0.000001
761.00	0.0000003	0.000462	0.102703	-0.000001
762.00	-0.0000000	0.000261	0.102706	-0.000001
763.00	-0.0000002	0.000805	0.102709	-0.000001
764.00	0.0000003	0.002342	0.102712	-0.000001
765.00	0.0000008	-0.000045	0.102714	-0.000001
766.00	0.0000005	-0.001340	0.102717	-0.000001
767.00	0.0000002	-0.001541	0.102720	-0.000001
768.00	-0.0000002	-0.001593	0.102723	-0.000001
769.00	0.0000002	0.001434	0.102725	-0.000001
770.00	0.0000003	-0.000010	0.102728	-0.000001
771.00	0.0000002	0.005054	0.102731	-0.000001
772.00	0.0000003	0.001525	0.102734	-0.000001
773.00	-0.0000002	-0.000465	0.102737	-0.000001
774.00	-0.0000002	0.003158	0.102739	-0.000001
775.00	0.0000003	0.001218	0.102742	-0.000001
776.00	0.0000006	0.002706	0.102745	-0.000001
777.00	0.0000003	0.000517	0.102748	-0.000001
778.00	0.0000002	-0.001323	0.102750	-0.000001
779.00	-0.0000002	0.000214	0.102753	-0.000001
780.00	-0.0000002	0.003340	0.102756	-0.000001
781.00	0.0000003	0.000804	0.102759	-0.000001
782.00	0.0000002	0.001398	0.102761	-0.000001
783.00	0.0000000	-0.002628	0.102764	-0.000001
784.00	-0.0000003	0.000548	0.102767	-0.000001
785.00	-0.0000000	0.002085	0.102770	-0.000001
786.00	-0.0000000	-0.001246	0.102772	-0.000001
787.00	0.0000003	0.001086	0.102775	-0.000001
788.00	0.0000006	0.001033	0.102778	-0.000001
789.00	0.0000003	0.000137	0.102781	-0.000001
790.00	0.0000001	0.001475	0.102784	-0.000001
791.00	-0.0000002	0.000677	0.102786	-0.000001
792.00	0.0000001	0.002463	0.102789	-0.000001
793.00	0.0000004	0.000871	0.102792	-0.000001
794.00	0.0000001	-0.000175	0.102795	-0.000001
795.00	0.0000003	-0.001221	0.102797	-0.000001
796.00	-0.0000000	0.001806	0.102800	-0.000001
797.00	-0.0000002	0.000760	0.102803	-0.000001
798.00	0.0000003	0.005079	0.102806	-0.000001
799.00	0.0000003	0.002394	0.102808	-0.000001
800.00	0.0000005	0.000752	0.102811	-0.000001
801.00	0.0000003	0.004375	0.102814	-0.000001
802.00	-0.0000001	0.000697	0.102817	-0.000001
803.00	-0.0000001	-0.000299	0.102819	-0.000001
804.00	0.0000002	0.000791	0.102822	-0.000001
805.00	0.0000004	0.001980	0.102825	-0.000001
806.00	-0.0000000	0.002623	0.102828	-0.000001
807.00	0.0000004	0.002074	0.102830	-0.000001
808.00	-0.0000000	0.000531	0.102833	-0.000001
809.00	-0.0000001	0.003409	0.102836	-0.000001
810.00	0.0000003	0.003506	0.102839	-0.000001
811.00	0.0000004	0.001715	0.102841	-0.000001
812.00	0.0000007	0.002507	0.102844	-0.000001
813.00	0.0000004	-0.000178	0.102847	-0.000001
814.00	-0.0000001	0.000664	0.102850	-0.000001
815.00	-0.0000001	-0.000730	0.102853	-0.000001
816.00	0.0000004	0.002148	0.102855	-0.000001
817.00	0.0000005	0.003487	0.102858	-0.000001
818.00	0.0000001	0.001745	0.102861	-0.000001
819.00	0.0000004	0.002090	0.102864	-0.000001
820.00	-0.0000001	-0.000098	0.102866	-0.000001
821.00	-0.0000001	0.001042	0.102869	-0.000001
822.00	0.0000004	0.001238	0.102872	-0.000001
823.00	0.0000008	-0.000305	0.102875	-0.000001
824.00	0.0000001	0.000139	0.102877	-0.000001
825.00	0.0000004	0.000782	0.102880	-0.000001
826.00	-0.0000001	0.003859	0.102883	-0.000001
827.00	-0.0000001	-0.000217	0.102886	-0.000001
828.00	0.0000004	0.001171	0.102888	-0.000001
829.00	0.0000005	0.001119	0.102891	-0.000001
830.00	0.0000007	0.001315	0.102894	-0.000001
831.00	0.0000004	-0.000923	0.102897	-0.000001
832.00	-0.0000001	0.000117	0.102900	-0.000001
833.00	-0.0000001	0.003095	0.102902	-0.000001
834.00	0.0000004	-0.001031	0.102905	-0.000001
835.00	0.0000006	0.002543	0.102908	-0.000001
836.00	0.0000005	-0.000589	0.102911	-0.000001
837.00	0.0000004	0.000501	0.102913	-0.000001
838.00	-0.0000001	0.003081	0.102916	-0.000001
839.00	-0.0000001	0.004221	0.102919	-0.000001
840.00	0.0000004	0.001883	0.102922	-0.000001
841.00	0.0000007	0.002626	0.102924	-0.000001
842.00	0.0000007	0.001331	0.102927	-0.000001
843.00	0.0000004	0.001080	0.102930	-0.000001
844.00	-0.0000001	0.001375	0.102933	-0.000001
845.00	0.0000000	0.000677	0.102935	-0.000001
846.00	0.0000004	0.002115	0.102938	-0.000001
847.00	0.0000008	0.000274	0.102941	-0.000001
848.00	0.0000004	0.003798	0.102944	-0.000001
849.00	0.0000000	0.000021	0.102946	-0.000001
850.00	-0.0000001	0.000713	0.102949	-0.000001
851.00	0.0000004	-0.000780	0.102952	-0.000001
852.00	0.0000005	0.000807	0.102955	-0.000001
853.00	0.0000005	-0.000785	0.102957	-0.000001
854.00	0.0000004	-0.002675	0.102960	-0.000001
855.00	0.0000000	0.000153	0.102963	-0.000001
856.00	-0.0000001	-0.001588	0.102966	-0.000001
857.00	0.0000004	-0.000399	0.102969	-0.000001
858.00	0.0000007	-0.000153	0.102971	-0.000001
859.00	0.0000004	-0.001050	0.102974	-0.000001
860.00	0.0000003	-0.000159	0.102977	-0.000001
861.00	-0.0000001	0.000534	0.102980	-0.000001
862.00	0.0000002	-0.000214	0.102982	-0.000001
863.00	0.0000006	-0.001409	0.102985	-0.000001
864.00	0.0000007	-0.000120	0.102988	-0.000001
865.00	0.0000004	-0.000719	0.102991	-0.000001
866.00	-0.0000004	-0.003801	0.102993	-0.000001
867.00	-0.0000001	-0.001420	0.102996	-0.000001
868.00	0.0000004	0.001260	0.102999	-0.000001
869.00	0.0000008	-0.000035	0.103002	-0.000001
870.00	0.0000001	-0.003862	0.103004	-0.000001
871.00	0.0000001	-0.001431	0.103007	-0.000001
872.00	-0.0000001	0.002987	0.103010	-0.000001
873.00	0.0000004	0.000054	0.103013	-0.000001
874.00	0.0000006	-0.000098	0.103016	-0.000001
875.00	0.0000003	-0.002435	0.103018	-0.000001
876.00	0.0000005	-0.002090	0.103021	-0.000001
877.00	-0.0000000	0.000092	0.103024	-0.000001
878.00	0.0000002	-0.000159	0.103027	-0.000001
879.00	0.0000005	0.002620	0.103029	-0.000001
880.00	0.0000007	0.001872	0.103032	-0.000001
881.00	0.0000005	-0.001757	0.103035	-0.000001
882.00	0.0000001	0.000029	0.103038	-0.000001
883.00	-0.0000000	-0.000222	0.103040	-0.000001
884.00	0.0000004	0.000073	0.103043	-0.000001
885.00	0.0000008	0.000219	0.103046	-0.000001
886.00	0.0000006	-0.000727	0.103049	-0.000001
887.00	0.0000005	-0.000233	0.103051	-0.000001
888.00	-0.0000000	-0.001130	0.103054	-0.000001
889.00	0.0000001	-0.001679	0.103057	-0.000001
890.00	0.0000005	0.001646	0.103060	-0.000001
891.00	0.0000010	0.000451	0.103062	-0.000001
892.00	0.0000006	0.002336	0.103065	-0.000001
893.00	-0.0000000	-0.001492	0.103068	-0.000001
894.00	-0.0000000	0.000045	0.103071	-0.000001
895.00	0.0000002	0.001831	0.103073	-0.000001
896.00	0.0000006	0.001480	0.103076	-0.000001
897.00	0.0000010	0.000683	0.103079	-0.000001
898.00	0.0000005	0.001028	0.103082	-0.000001
899.00	-0.0000003	0.001323	0.103085	-0.000001
900.00	-0.0000000	-0.001859	0.103087	-0.000001
901.00	0.0000005	0.000225	0.103090	-0.000001
902.00	0.0000010	-0.000126	0.103093	-0.000001
903.00	0.0000007	-0.001817	0.103096	-0.000001
904.00	0.0000005	-0.000777	0.103098	-0.000001
905.00	-0.0000000	-0.001028	0.103101	-0.000001
906.00	0.0000002	-0.001542	0.103168	-0.000001
907.00	0.0000005	0.000229	0.103185	-0.000001
908.00	0.0000001	-0.001924	0.103203	-0.000001
909.00	-0.0000000	-0.000004	0.103220	-0.000001
910.00	0.0000004	0.002859	0.103237	-0.000001
911.00	0.0000006	0.000209	0.103254	-0.000001
912.00	0.0000005	0.001036	0.103272	-0.000001
913.00	0.0000005	0.000125	0.103289	-0.000001
914.00	-0.0000000	0.000555	0.103306	-0.000001
915.00	-0.0000000	-0.000059	0.103324	-0.000001
916.00	0.0000005	-0.001715	0.103341	-0.000001
917.00	0.0000008	0.000056	0.103358	-0.000001
918.00	0.0000005	-0.002346	0.103376	-0.000001
919.00	-0.0000002	-0.001469	0.103393	-0.000001
920.00	-0.0000000	-0.000294	0.103410	-0.000001
921.00	0.0000005	0.000235	0.103427	-0.000001
922.00	0.0000007	-0.001819	0.103445	-0.000001
923.00	0.0000007	-0.004022	0.103462	-0.000001
924.00	0.0000004	0.000382	0.103479	-0.000001
925.00	-0.0000000	0.001805	0.103497	-0.000001
926.00	0.0000003	-0.000845	0.103514	-0.000001
927.00	0.0000003	0.003509	0.103531	-0.000001
928.00	0.0000008	0.000263	0.103548	-0.000001
929.00	0.0000005	-0.001989	0.103566	-0.000001
930.00	-0.0000003	0.001768	0.103583	-0.000001
931.00	0.0000001	-0.001130	0.103600	-0.000001
932.00	0.0000005	-0.000601	0.103617	-0.000001
933.00	0.0000009	-0.001214	0.103635	-0.000001
934.00	0.0000006	-0.000884	0.103652	-0.000001
935.00	-0.0000000	0.000440	0.103669	-0.000001
936.00	0.0000001	-0.000223	0.103687	-0.000001
937.00	0.0000006	0.002343	0.103704	-0.000001
938.00	0.0000005	0.001233	0.103721	-0.000001
939.00	0.0000006	-0.000970	0.103739	-0.000001
940.00	-0.0000000	0.002191	0.103756	-0.000001
941.00	-0.0000000	0.000684	0.103773	-0.000001
942.00	0.0000005	0.000369	0.103791	-0.000001
943.00	0.0000009	0.001146	0.103808	-0.000001
944.00	0.0000007	-0.000212	0.103825	-0.000001
945.00	0.0000002	0.003049	0.103842	-0.000001
946.00	-0.0000000	0.000299	0.103860	-0.000001
947.00	-0.0000000	0.000977	0.103877	-0.000001
948.00	0.0000008	-0.001523	0.103894	-0.000001
949.00	0.0000009	-0.001441	0.103912	-0.000001
950.00	0.0000005	-0.001757	0.103929	-0.000001
951.00	-0.0000000	-0.001923	0.103946	-0.000001
952.00	0.0000002	-0.000152	0.103964	-0.000001
953.00	0.0000006	-0.000219	0.103981	-0.000001
954.00	0.0000010	-0.001975	0.103998	-0.000001
955.00	0.0000005	-0.000750	0.104015	-0.000001
956.00	0.0000001	-0.004195	0.104033	-0.000001
957.00	0.0000001	-0.000785	0.104050	-0.000001
958.00	0.0000005	0.000986	0.104067	-0.000001
959.00	0.0000010	0.001962	0.104085	-0.000001
960.00	0.0000006	-0.000390	0.104102	-0.000001
961.00	0.0000003	-0.003288	0.104119	-0.000001
962.00	-0.0000000	-0.001418	0.104137	-0.000001
963.00	0.0000004	-0.003670	0.104154	-0.000001
964.00	0.0000009	-0.000111	0.104171	-0.000001
965.00	0.0000009	0.000517	0.104188	-0.000001
966.00	0.0000005	-0.000047	0.104206	-0.000001
967.00	-0.0000000	-0.001206	0.104223	-0.000001
968.00	0.0000003	-0.001919	0.104240	-0.000001
969.00	0.0000007	0.001094	0.104258	-0.000001
970.00	0.0000008	-0.001854	0.104275	-0.000001
971.00	0.0000005	0.001158	0.104292	-0.000001
972.00	-0.0000000	-0.001243	0.104309	-0.000001
973.00	0.0000004	-0.002105	0.104327	-0.000001
974.00	0.0000007	-0.000185	0.104344	-0.000001
975.00	0.0000010	-0.001742	0.104361	-0.000001
976.00	0.0000007	-0.000666	0.104378	-0.000001
977.00	0.0000005	-0.001876	0.104396	-0.000001
978.00	0.0000005	-0.002588	0.104413	-0.000001
979.00	0.0000010	0.001020	0.104430	-0.000001
980.00	0.0000011	-0.002325	0.104448	-0.000001
981.00	0.0000010	-0.000455	0.104465	-0.000001
982.00	0.0000005	-0.003005	0.104482	-0.000001
983.00	0.0000005	-0.000837	0.104500	-0.000001
984.00	0.0000010	-0.002345	0.104517	-0.000001
985.00	0.0000012	-0.003107	0.104534	-0.000001
986.00	0.0000010	-0.002975	0.104551	-0.000001
987.00	0.0000006	0.000435	0.104569	-0.000001
988.00	0.0000010	-0.000824	0.104586	-0.000001
989.00	0.0000015	-0.001636	0.104603	-0.000001
990.00	0.0000018	-0.000213	0.104621	-0.000001
991.00	0.0000016	-0.002068	0.104638	-0.000001
992.00	0.0000015	-0.002284	0.104655	-0.000001
993.00	0.0000016	-0.003096	0.104673	-0.000001
994.00	0.0000022	-0.001027	0.104690	-0.000001
995.00	0.0000025	0.000197	0.104707	-0.000001
996.00	0.0000021	-0.000665	0.104725	-0.000001
997.00	0.0000015	-0.001377	0.104742	-0.000001
998.00	0.0000016	-0.001842	0.104759	-0.000001
999.00	0.0000019	-0.001313	0.104776	-0.000001
1000.00	0.0000019	-0.001578	0.104794	-0.000001
1001.00	0.0000017	-0.000652	0.104811	-0.000001
1002.00	0.0000014	-0.003848	0.104828	-0.000001
1003.00	0.0000014	-0.004114	0.104846	-0.000001
1004.00	0.0000019	-0.002045	0.104863	-0.000001
1005.00	0.0000019	-0.001416	0.104880	-0.000001
1006.00	0.0000017	-0.002527	0.104898	-0.000001
1007.00	0.0000014	-0.000309	0.104915	-0.000001
1008.00	0.0000016	-0.003704	0.104932	-0.000001
1009.00	0.0000022	-0.004963	0.104949	-0.000001
1010.00	0.0000024	-0.005179	0.104967	-0.000001
1011.00	0.0000020	-0.001818	0.104984	-0.000001
1012.00	0.0000019	-0.003375	0.105001	-0.000001
1013.00	0.0000024	-0.002052	0.105019	-0.000001
1014.00	0.0000029	-0.002069	0.105036	-0.000001
1015.00	0.0000034	-0.002235	0.105053	-0.000001
1016.00	0.0000033	-0.001457	0.105070	-0.000001
1017.00	0.0000034	-0.001723	0.105088	-0.000001
1018.00	0.0000036	-0.002386	0.105105	-0.000001
1019.00	0.0000048	-0.001311	0.105122	-0.000001
1020.00	0.0000049	-0.001278	0.105139	-0.000001
1021.00	0.0000047	-0.004226	0.105157	-0.000001
1022.00	0.0000049	-0.000518	0.105174	-0.000001
1023.00	0.0000054	-0.000088	0.105191	-0.000001
1024.00	0.0000054	-0.000950	0.105209	-0.000001
1025.00	0.0000054	-0.003352	0.105226	-0.000001
1026.00	0.0000049	-0.002773	0.105243	-0.000001
1027.00	0.0000049	-0.003734	0.105261	-0.000001
1028.00	0.0000051	-0.003106	0.105278	-0.000001
1029.00	0.0000054	-0.003918	0.105295	-0.000001
1030.00	0.0000049	-0.002643	0.105312	-0.000001
1031.00	0.0000044	-0.003108	0.105330	-0.000001
1032.00	0.0000044	-0.004715	0.105347	-0.000001
1033.00	0.0000049	-0.004235	0.105364	-0.000001
1034.00	0.0000049	-0.001620	0.105382	-0.000001
1035.00	0.0000049	-0.001935	0.105399	-0.000001
1036.00	0.0000044	0.000084	0.105416	-0.000001
1037.00	0.0000044	-0.001175	0.105434	-0.000001
1038.00	0.0000049	-0.000745	0.105451	-0.000001
1039.00	0.0000054	-0.001011	0.105468	-0.000001
1040.00	0.0000052	-0.001972	0.105485	-0.000001
1041.00	0.0000049	-0.001989	0.105503	-0.000001
1042.00	0.0000052	-0.001858	0.105520	-0.000001
1043.00	0.0000059	-0.001378	0.105537	-0.000001
1044.00	0.0000064	-0.002290	0.105555	-0.000001
1045.00	0.0000064	0.000276	0.105572	-0.000001
1046.00	0.0000061	0.001103	0.105589	-0.000001
1047.00	0.0000064	-0.000355	0.105607	-0.000001
1048.00	0.0000070	-0.002359	0.105624	-0.000001
1049.00	0.0000074	-0.000290	0.105641	-0.000001
1050.00	0.0000074	-0.001350	0.105659	-0.000001
1051.00	0.0000070	-0.004000	0.105676	-0.000001
1052.00	0.0000068	-0.002428	0.105693	-0.000001
1053.00	0.0000077	-0.001750	0.105710	-0.000001
1054.00	0.0000079	-0.003456	0.105728	-0.000001
1055.00	0.0000076	-0.001238	0.105745	-0.000001
1056.00	0.0000071	-0.001554	0.105762	-0.000001
1057.00	0.0000069	-0.004303	0.105780	-0.000001
1058.00	0.0000073	-0.003078	0.105797	-0.000001
1059.00	0.0000074	-0.003890	0.105814	-0.000001
1060.00	0.0000063	-0.000629	0.105831	-0.000001
1061.00	0.0000059	-0.003875	0.105849	-0.000001
1062.00	0.0000059	-0.004339	0.105866	-0.000001
1063.00	0.0000059	-0.002817	0.105883	-0.000001
1064.00	0.0000059	-0.003728	0.105900	-0.000001
1065.00	0.0000057	-0.002504	0.105918	-0.000001
1066.00	0.0000050	-0.002471	0.105935	-0.000001
1067.00	0.0000049	-0.002290	0.105952	-0.000001
1068.00	0.0000053	-0.000420	0.105970	-0.000001
1069.00	0.0000054	-0.003169	0.105987	-0.000001
1070.00	0.0000053	-0.003037	0.106004	-0.000001
1071.00	0.0000048	-0.003700	0.106022	-0.000001
1072.00	0.0000045	-0.004065	0.106039	-0.000001
1073.00	0.0000049	-0.001549	0.106056	-0.000001
1074.00	0.0000054	-0.001467	0.106073	-0.000001
1075.00	0.0000046	-0.003620	0.106091	-0.000001
1076.00	0.0000047	-0.004432	0.106108	-0.000001
1077.00	0.0000044	-0.002413	0.106125	-0.000001
1078.00	0.0000050	-0.003722	0.106143	-0.000001
1079.00	0.0000054	-0.005279	0.106160	-0.000001
1080.00	0.0000053	-0.001074	0.106177	-0.000001
1081.00	0.0000049	-0.000843	0.106195	-0.000001
1082.00	0.0000049	-0.003493	0.106212	-0.000001
1083.00	0.0000053	-0.003808	0.106229	-0.000001
1084.00	0.0000054	-0.001044	0.106246	-0.000001
1085.00	0.0000054	0.000379	0.106264	-0.000001
1086.00	0.0000049	-0.003264	0.106281	-0.000001
1087.00	0.0000049	-0.001543	0.106298	-0.000001
1088.00	0.0000053	-0.002753	0.106316	-0.000001
1089.00	0.0000054	-0.001429	0.106333	-0.000001
1090.00	0.0000054	0.000690	0.106350	-0.000001
1091.00	0.0000049	-0.002804	0.106368	-0.000001
1092.00	0.0000044	-0.003964	0.106385	-0.000001
1093.00	0.0000047	-0.001597	0.106402	-0.000001
1094.00	0.0000049	-0.002807	0.106419	-0.000001
1095.00	0.0000047	-0.002526	0.106437	-0.000001
1096.00	0.0000040	-0.002047	0.106454	-0.000001
1097.00	0.0000032	-0.006733	0.106471	-0.000001
1098.00	0.0000038	-0.002975	0.106489	-0.000001
1099.00	0.0000039	-0.001353	0.106506	-0.000001
1100.00	0.0000039	-0.006040	0.106523	-0.000001
1101.00	0.0000034	-0.005312	0.106541	-0.000001
1102.00	0.0000068	-0.003513	0.106679	-0.000001
1103.00	0.0000069	-0.001444	0.106696	-0.000001
1104.00	0.0000066	-0.002952	0.106713	-0.000001
1105.00	0.0000060	-0.003366	0.106731	-0.000001
1106.00	0.0000054	-0.003930	0.106748	-0.000001
1107.00	0.0000059	-0.002857	0.106718	-0.000001
1108.00	0.0000051	-0.000431	0.106677	-0.000001
1109.00	0.0000049	-0.002923	0.106636	-0.000001
1110.00	0.0000044	-0.001740	0.106594	-0.000001
1111.00	0.0000047	-0.001252	0.106553	-0.000001
1112.00	0.0000049	0.000131	0.106512	-0.000001
1113.00	0.0000049	-0.000822	0.106471	-0.000001
1114.00	0.0000044	-0.001873	0.106430	-0.000001
1115.00	0.0000039	-0.001484	0.106389	-0.000001
1116.00	0.0000039	-0.001692	0.106347	-0.000001
1117.00	0.0000042	-0.003687	0.106306	-0.000001
1118.00	0.0000044	-0.004391	0.106265	-0.000001
1119.00	0.0000039	-0.002909	0.106224	-0.000001
1120.00	0.0000034	-0.002620	0.106183	-0.000001
1121.00	0.0000034	-0.001635	0.106142	-0.000001
1122.00	0.0000035	-0.002686	0.106100	-0.000001
1123.00	0.0000039	-0.001552	0.106059	-0.000001
1124.00	0.0000038	-0.001760	0.106018	-0.000001
1125.00	0.0000033	0.000666	0.105977	-0.000001
1126.00	0.0000029	0.001849	0.105936	-0.000001
1127.00	0.0000029	0.000748	0.105895	-0.000001
1128.00	0.0000034	-0.003085	0.105853	-0.000001
1129.00	0.0000034	-0.000362	0.105812	-0.000001
1130.00	0.0000029	-0.003152	0.105771	-0.000001
1131.00	0.0000026	-0.002713	0.105730	-0.000001
1132.00	0.0000024	-0.003964	0.105690	-0.000001
1133.00	0.0000027	-0.001936	0.105648	-0.000001
1134.00	0.0000028	-0.000951	0.105607	-0.000001
1135.00	0.0000025	0.000332	0.105566	-0.000001
1136.00	0.0000024	-0.002558	0.105525	-0.000001
1137.00	0.0000019	-0.000182	0.105484	-0.000001
1138.00	0.0000019	-0.001929	0.105443	-0.000001
1139.00	0.0000021	0.000993	0.105401	-0.000001
1140.00	0.0000023	0.000090	0.105360	-0.000001
1141.00	0.0000019	-0.000018	0.105319	-0.000001
1142.00	0.0000015	0.000173	0.105278	-0.000001
1143.00	0.0000013	-0.001773	0.105237	-0.000001
1144.00	0.0000014	0.000950	0.105196	-0.000001
1145.00	0.0000012	0.000296	0.105154	-0.000001
1146.00	0.0000013	0.000039	0.105113	-0.000001
1147.00	0.0000014	-0.001410	0.105072	-0.000001
1148.00	0.0000010	-0.003057	0.105031	-0.000001
1149.00	0.0000009	0.001603	0.104990	-0.000001
1150.00	0.0000010	0.000601	0.104949	-0.000001
1151.00	0.0000014	0.001686	0.104907	-0.000001
1152.00	0.0000014	-0.000409	0.104866	-0.000001
1153.00	0.0000009	-0.000517	0.104825	-0.000001
1154.00	0.0000004	-0.001469	0.104784	-0.000001
1155.00	0.0000004	-0.001527	0.104743	-0.000001
1156.00	0.0000009	0.000799	0.104702	-0.000001
1157.00	0.0000011	0.001088	0.104660	-0.000001
1158.00	0.0000010	-0.000560	0.104619	-0.000001
1159.00	0.0000007	0.000028	0.104578	-0.000001
1160.00	0.0000005	-0.001520	0.104537	-0.000001
1161.00	0.0000005	-0.002572	0.104496	-0.000001
1162.00	0.0000010	0.001940	0.104455	-0.000001
1163.00	0.0000010	-0.000751	0.104414	-0.000001
1164.00	0.0000010	-0.001952	0.104372	-0.000001
1165.00	0.0000005	-0.001265	0.104331	-0.000001
1166.00	0.0000005	-0.001025	0.104290	-0.000001
1167.00	0.0000005	0.000606	0.104249	-0.000001
1168.00	0.0000010	-0.001241	0.104208	-0.000001
1169.00	0.0000010	0.001085	0.104167	-0.000001
1170.00	0.0000002	-0.002251	0.104125	-0.000001
1171.00	0.0000005	-0.000471	0.104084	-0.000001
1172.00	0.0000001	-0.002020	0.104043	-0.000001
1173.00	0.0000005	-0.000190	0.104002	-0.000001
1174.00	0.0000010	0.000496	0.103961	-0.000001
1175.00	0.0000010	-0.000953	0.103920	-0.000001
1176.00	0.0000006	-0.000663	0.103878	-0.000001
1177.00	0.0000002	0.000173	0.103837	-0.000001
1178.00	-0.0000000	0.001952	0.103796	-0.000001
1179.00	0.0000005	0.000304	0.103756	-0.000001
1180.00	0.0000008	0.000594	0.103715	-0.000001
1181.00	0.0000007	-0.001104	0.103673	-0.000001
1182.00	0.0000005	0.000229	0.103632	-0.000001
1183.00	-0.0000000	0.000220	0.103591	-0.000001
1184.00	-0.0000000	0.001305	0.103550	-0.000001
1185.00	0.0000005	0.000253	0.103509	-0.000001
1186.00	0.0000004	-0.001047	0.103468	-0.000001
1187.00	0.0000008	0.002173	0.103426	-0.000001
1188.00	0.0000004	0.003357	0.103385	-0.000001
1189.00	0.0000001	0.001908	0.103344	-0.000001
1190.00	0.0000001	-0.002223	0.103303	-0.000001
1191.00	0.0000005	-0.000295	0.103262	-0.000001
1192.00	0.0000009	0.001833	0.103221	-0.000001
1193.00	0.0000002	0.002370	0.103179	-0.000001
1194.00	0.0000003	0.001269	0.103138	-0.000001
1195.00	-0.0000000	0.002155	0.103097	-0.000001
1196.00	0.0000002	0.002544	0.103056	-0.000001
1197.00	0.0000006	0.001095	0.103015	-0.000001
1198.00	0.0000007	-0.000404	0.102974	-0.000001
1199.00	0.0000005	0.003015	0.102932	-0.000001
1200.00	-0.0000000	-0.000471	0.102891	-0.000001
