Bentham+Kilukarp+B487 datafile
2024-11-16 15:45:31
Slits: 1.000
Avg: 3
Comment: V full slot 0_2 (Johnson V)

00:00:04	-0.000001	0.101378	24.2	-1.5	4.3
00:03:08	0.000000	0.103861	24.2	-1.5	4.3
00:06:13	-0.000001	0.103364	24.2	-1.5	4.3
00:09:18	-0.000001	0.103712	24.2	-1.5	4.3
00:12:23	-0.000001	0.103364	24.2	-1.5	4.3
00:13:52	-0.000000	0.104656	24.2	-1.5	4.3

nm	b487	kilu
300.00	-0.0000003	0.004876	0.101519	-0.000001
301.00	0.0000001	-0.000103	0.101530	-0.000001
302.00	0.0000002	0.001376	0.101542	-0.000001
303.00	-0.0000001	0.003152	0.101553	-0.000001
304.00	-0.0000006	0.004929	0.101565	-0.000001
305.00	-0.0000005	0.002136	0.101577	-0.000001
306.00	0.0000000	0.001329	0.101588	-0.000001
307.00	0.0000003	0.001815	0.101599	-0.000001
308.00	-0.0000001	0.002200	0.101611	-0.000001
309.00	-0.0000006	0.000748	0.101623	-0.000001
310.00	-0.0000006	0.002128	0.101634	-0.000001
311.00	0.0000004	0.000949	0.101720	-0.000001
312.00	-0.0000001	0.000938	0.101731	-0.000001
313.00	-0.0000010	0.000777	0.101743	-0.000001
314.00	-0.0000006	0.002554	0.101754	-0.000001
315.00	-0.0000002	0.001350	0.101766	-0.000001
316.00	0.0000008	0.001537	0.101778	-0.000001
317.00	-0.0000005	0.001824	0.101789	-0.000001
318.00	-0.0000007	0.001812	0.101801	-0.000001
319.00	-0.0000007	0.000906	0.101812	-0.000001
320.00	-0.0000002	0.002037	0.101824	-0.000001
321.00	0.0000001	0.002224	0.101835	-0.000001
322.00	-0.0000002	0.002809	0.101847	-0.000001
323.00	-0.0000006	-0.000183	0.101859	-0.000001
324.00	-0.0000007	0.002587	0.101870	-0.000001
325.00	-0.0000002	0.000638	0.101882	-0.000001
326.00	0.0000000	0.001074	0.101893	-0.000001
327.00	-0.0000002	0.000864	0.101905	-0.000001
328.00	-0.0000003	0.000355	0.101916	-0.000001
329.00	-0.0000007	0.001784	0.101928	-0.000001
330.00	-0.0000003	0.001624	0.101940	-0.000001
331.00	0.0000001	0.002605	0.101951	-0.000001
332.00	-0.0000000	0.002892	0.101963	-0.000001
333.00	-0.0000002	0.003526	0.101974	-0.000001
334.00	-0.0000007	0.000336	0.101986	-0.000001
335.00	-0.0000006	0.003205	0.101997	-0.000001
336.00	-0.0000001	0.003243	0.102009	-0.000001
337.00	0.0000002	0.003033	0.102020	-0.000001
338.00	-0.0000006	0.001481	0.102032	-0.000001
339.00	-0.0000006	0.002662	0.102044	-0.000001
340.00	-0.0000008	0.000067	0.102055	-0.000001
341.00	-0.0000003	0.001993	0.102067	-0.000001
342.00	-0.0000003	0.003670	0.102078	-0.000001
343.00	-0.0000003	0.001970	0.102090	-0.000001
344.00	-0.0000004	0.002008	0.102101	-0.000001
345.00	-0.0000008	-0.000686	0.102113	-0.000001
346.00	-0.0000005	0.001091	0.102124	-0.000001
347.00	-0.0000003	0.002868	0.102136	-0.000001
348.00	-0.0000001	0.000770	0.102148	-0.000001
349.00	-0.0000003	0.000460	0.102159	-0.000001
350.00	-0.0000007	0.004025	0.102171	-0.000001
351.00	-0.0000008	0.001282	0.102182	-0.000001
352.00	-0.0000003	0.001866	0.102194	-0.000001
353.00	0.0000000	-0.001076	0.102205	-0.000001
354.00	-0.0000003	0.001446	0.102217	-0.000001
355.00	-0.0000006	0.000590	0.102228	-0.000001
356.00	-0.0000008	0.002664	0.102240	-0.000001
357.00	-0.0000004	0.001162	0.102252	-0.000001
358.00	0.0000000	0.002045	0.102263	-0.000001
359.00	-0.0000003	-0.000053	0.102275	-0.000001
360.00	-0.0000005	0.000631	0.102286	-0.000001
361.00	-0.0000009	0.000321	0.102298	-0.000001
362.00	-0.0000004	0.000360	0.102309	-0.000001
363.00	-0.0000003	0.002782	0.102321	-0.000001
364.00	-0.0000001	0.000634	0.102333	-0.000001
365.00	-0.0000009	0.001269	0.102344	-0.000001
366.00	-0.0000009	0.000562	0.102356	-0.000001
367.00	-0.0000007	0.000947	0.102367	-0.000001
368.00	-0.0000002	0.001681	0.102379	-0.000001
369.00	-0.0000001	0.003110	0.102390	-0.000001
370.00	-0.0000004	-0.002465	0.102402	-0.000001
371.00	-0.0000014	0.005173	0.102414	-0.000001
372.00	-0.0000008	-0.000104	0.102425	-0.000001
373.00	-0.0000004	0.001871	0.102437	-0.000001
374.00	-0.0000006	0.001761	0.102448	-0.000001
375.00	-0.0000004	0.000954	0.102460	-0.000001
376.00	-0.0000006	-0.000647	0.102471	-0.000001
377.00	-0.0000009	-0.000956	0.102483	-0.000001
378.00	-0.0000004	0.001168	0.102495	-0.000001
379.00	0.0000000	0.002150	0.102506	-0.000001
380.00	-0.0000003	0.002536	0.102518	-0.000001
381.00	-0.0000006	0.001183	0.102529	-0.000001
382.00	-0.0000010	0.001618	0.102541	-0.000001
383.00	-0.0000005	0.003594	0.102552	-0.000001
384.00	-0.0000002	0.000800	0.102564	-0.000001
385.00	-0.0000001	0.006302	0.102575	-0.000001
386.00	-0.0000005	0.001920	0.102587	-0.000001
387.00	-0.0000010	0.001113	0.102599	-0.000001
388.00	-0.0000009	0.001698	0.102610	-0.000001
389.00	-0.0000004	0.002133	0.102622	-0.000000
390.00	0.0000001	0.002768	0.102633	-0.000000
391.00	-0.0000005	0.002607	0.102645	-0.000000
392.00	-0.0000008	0.000758	0.102656	-0.000000
393.00	-0.0000010	0.005018	0.102668	-0.000000
394.00	-0.0000005	0.002076	0.102679	-0.000000
395.00	-0.0000000	0.001568	0.102691	-0.000000
396.00	-0.0000000	-0.001722	0.102703	-0.000000
397.00	-0.0000005	0.000452	0.102714	-0.000000
398.00	-0.0000010	0.000440	0.102726	-0.000000
399.00	-0.0000007	-0.000366	0.102737	-0.000000
400.00	-0.0000001	0.001740	0.102767	-0.000000
401.00	-0.0000006	0.001082	0.102779	-0.000000
402.00	-0.0000011	-0.002506	0.102790	-0.000000
403.00	-0.0000007	0.001208	0.102802	-0.000000
404.00	-0.0000005	-0.000492	0.102814	-0.000000
405.00	-0.0000001	0.001533	0.102825	-0.000000
406.00	-0.0000004	0.002316	0.102837	-0.000000
407.00	-0.0000008	0.002205	0.102848	-0.000000
408.00	-0.0000011	0.002640	0.102860	-0.000000
409.00	-0.0000006	0.001834	0.102871	-0.000000
410.00	-0.0000001	0.000829	0.102883	-0.000000
411.00	-0.0000001	0.000470	0.102895	-0.000000
412.00	-0.0000006	-0.000932	0.102906	-0.000000
413.00	-0.0000011	0.002583	0.102918	-0.000000
414.00	-0.0000009	0.001230	0.102929	-0.000000
415.00	-0.0000006	0.003801	0.102941	-0.000000
416.00	-0.0000001	0.001753	0.102952	-0.000000
417.00	-0.0000002	0.002139	0.102964	-0.000000
418.00	-0.0000008	0.000886	0.102975	-0.000000
419.00	-0.0000011	0.001818	0.102987	-0.000000
420.00	-0.0000008	0.003197	0.102999	-0.000000
421.00	-0.0000005	0.003831	0.103010	-0.000000
422.00	-0.0000002	-0.002141	0.103022	-0.000000
423.00	-0.0000003	0.001126	0.103033	-0.000000
424.00	-0.0000008	0.000866	0.103045	-0.000000
425.00	-0.0000011	0.003487	0.103056	-0.000000
426.00	-0.0000008	0.002482	0.103068	-0.000000
427.00	-0.0000005	0.001080	0.103080	-0.000000
428.00	-0.0000002	-0.000025	0.103091	-0.000000
429.00	-0.0000006	0.002248	0.103103	-0.000000
430.00	-0.0000007	-0.003376	0.103114	-0.000000
431.00	-0.0000002	-0.001450	0.103126	-0.000000
432.00	-0.0000006	0.000972	0.103137	-0.000000
433.00	-0.0000004	0.001407	0.103149	-0.000000
434.00	-0.0000002	0.002390	0.103160	-0.000000
435.00	-0.0000004	-0.000106	0.103172	-0.000000
436.00	-0.0000004	0.002068	0.103184	-0.000000
437.00	-0.0000007	0.000914	0.103195	-0.000000
438.00	-0.0000007	-0.000836	0.103207	-0.000000
439.00	-0.0000006	0.000097	0.103218	-0.000000
440.00	-0.0000002	0.001674	0.103230	-0.000000
441.00	-0.0000006	0.001762	0.103241	-0.000000
442.00	-0.0000009	-0.001329	0.103253	-0.000000
443.00	-0.0000013	0.001590	0.103264	-0.000000
444.00	-0.0000009	0.002771	0.103276	-0.000000
445.00	-0.0000006	-0.000023	0.103288	-0.000000
446.00	-0.0000003	0.001804	0.103299	-0.000000
447.00	-0.0000007	0.000451	0.103311	-0.000000
448.00	-0.0000009	0.001284	0.103322	-0.000000
449.00	-0.0000013	0.001123	0.103334	-0.000000
450.00	-0.0000012	-0.000180	0.103345	-0.000000
451.00	-0.0000008	-0.001582	0.103357	-0.000000
452.00	-0.0000003	-0.000402	0.103369	-0.000000
453.00	-0.0000007	0.001921	0.103380	-0.000000
454.00	-0.0000009	0.001165	0.103392	-0.000000
455.00	-0.0000013	-0.002920	0.103403	-0.000000
456.00	-0.0000009	-0.001541	0.103415	-0.000000
457.00	-0.0000007	0.000882	0.103426	-0.000000
458.00	-0.0000003	0.002162	0.103438	-0.000000
459.00	-0.0000007	0.000859	0.103450	-0.000000
460.00	-0.0000011	-0.000941	0.103461	-0.000000
461.00	-0.0000013	-0.001300	0.103473	-0.000000
462.00	-0.0000008	0.004301	0.103484	-0.000000
463.00	-0.0000005	-0.000628	0.103496	-0.000000
464.00	-0.0000005	0.001496	0.103507	-0.000000
465.00	-0.0000009	0.002130	0.103519	-0.000000
466.00	-0.0000014	0.002367	0.103531	-0.000000
467.00	-0.0000012	0.000865	0.103542	-0.000000
468.00	-0.0000009	0.002294	0.103554	-0.000000
469.00	-0.0000004	0.002879	0.103565	-0.000000
470.00	-0.0000006	0.001824	0.103577	-0.000000
471.00	-0.0000009	0.000521	0.103588	-0.000000
472.00	-0.0000014	0.003390	0.103600	-0.000000
473.00	-0.0000010	-0.001240	0.103611	-0.000000
474.00	-0.0000004	0.001231	0.103623	-0.000000
475.00	-0.0000004	0.000028	0.103635	-0.000000
476.00	0.0000001	0.000761	0.103646	-0.000000
477.00	0.0000011	0.000799	0.103658	-0.000000
478.00	0.0000041	-0.000454	0.103669	-0.000000
479.00	0.0000118	-0.001111	0.103681	-0.000000
480.00	0.0000336	-0.001371	0.103692	-0.000000
481.00	0.0001052	-0.002773	0.103704	-0.000000
482.00	0.0003874	-0.000252	0.103715	-0.000000
483.00	0.0015815	-0.000959	0.103727	-0.000000
484.00	0.0048594	0.001712	0.103738	-0.000000
485.00	0.0086206	-0.002472	0.103750	-0.000000
486.00	0.0102420	0.065561	0.103766	-0.000000
487.00	0.0110809	0.003759	0.103778	-0.000000
488.00	0.0118673	-0.001468	0.103789	-0.000000
489.00	0.0130226	-0.001629	0.103801	-0.000000
490.00	0.0149659	-0.000540	0.103855	-0.000000
491.00	0.0184930	0.003883	0.103852	-0.000000
492.00	0.0249377	0.002495	0.103850	-0.000000
493.00	0.0348719	0.000411	0.103848	-0.000000
494.00	0.0471159	-0.000729	0.103845	-0.000000
495.00	0.0569362	0.001707	0.103843	-0.000000
496.00	0.0608481	0.002007	0.103841	-0.000000
497.00	0.0612737	0.000470	0.103838	-0.000000
498.00	0.0621498	0.000124	0.103836	-0.000000
499.00	0.0656989	-0.000072	0.103834	-0.000000
500.00	0.0724386	-0.000765	0.103831	-0.000000
501.00	0.0819940	-0.003395	0.103829	-0.000000
502.00	0.0928561	0.034804	0.103826	-0.000000
503.00	0.1032374	-0.001801	0.103824	-0.000000
504.00	0.1110506	-0.000408	0.103822	-0.000000
505.00	0.1156612	-0.000505	0.103819	-0.000000
506.00	0.1181201	-0.002092	0.103817	-0.000000
507.00	0.1190447	-0.001146	0.103815	-0.000000
508.00	0.1189580	-0.004571	0.103813	-0.000000
509.00	0.1179541	0.000001	0.103810	-0.000000
510.00	0.1167643	-0.001934	0.103808	-0.000000
511.00	0.1163553	-0.001534	0.103806	-0.000000
512.00	0.1173666	-0.000439	0.103803	-0.000000
513.00	0.1201230	-0.001480	0.103801	-0.000000
514.00	0.1242280	-0.000484	0.103799	-0.000000
515.00	0.1286898	-0.001574	0.103796	-0.000000
516.00	0.1326410	0.000564	0.103794	-0.000000
517.00	0.1355536	0.000765	0.103792	-0.000000
518.00	0.1375367	-0.001369	0.103789	-0.000000
519.00	0.1389248	-0.001317	0.103787	-0.000000
520.00	0.1402014	-0.002209	0.103785	-0.000000
521.00	0.1412921	-0.000716	0.103782	-0.000000
522.00	0.1419267	-0.001360	0.103780	-0.000000
523.00	0.1419068	0.002666	0.103778	-0.000000
524.00	0.1414805	-0.001852	0.103776	-0.000000
525.00	0.1407963	-0.001055	0.103773	-0.000000
526.00	0.1403254	-0.001003	0.103771	-0.000000
527.00	0.1403254	-0.002242	0.103769	-0.000000
528.00	0.1407468	-0.000154	0.103766	-0.000000
529.00	0.1418746	-0.001939	0.103764	-0.000000
530.00	0.1436024	0.001192	0.103762	-0.000000
531.00	0.1461010	-0.000445	0.103759	-0.000000
532.00	0.1490062	-0.000691	0.103757	-0.000000
533.00	0.1516040	-0.000887	0.103755	-0.000000
534.00	0.1534779	0.000903	0.103752	-0.000000
535.00	0.1536366	-0.000038	0.103750	-0.000000
536.00	0.1520254	0.002498	0.103748	-0.000000
537.00	0.1492491	0.001755	0.103745	-0.000000
538.00	0.1460886	0.002005	0.103743	-0.000000
539.00	0.1434487	0.001312	0.103741	-0.000000
540.00	0.1418771	0.001017	0.103739	-0.000000
541.00	0.1414012	-0.000123	0.103736	-0.000000
542.00	0.1420854	-0.000370	0.103734	-0.000000
543.00	0.1437214	0.002961	0.103732	-0.000000
544.00	0.1460019	-0.000911	0.103729	-0.000000
545.00	0.1486914	0.000432	0.103727	-0.000000
546.00	0.1515420	0.001180	0.103725	-0.000000
547.00	0.1545042	0.001331	0.103722	-0.000000
548.00	0.1570177	-0.000107	0.103720	-0.000000
549.00	0.1587628	-0.000304	0.103718	-0.000000
550.00	0.1594965	0.003523	0.103715	-0.000000
551.00	0.1591991	0.002433	0.103713	-0.000000
552.00	0.1580192	0.000846	0.103711	-0.000000
553.00	0.1562146	0.000500	0.103708	-0.000000
554.00	0.1542564	-0.001931	0.103706	-0.000000
555.00	0.1520378	-0.002028	0.103704	-0.000000
556.00	0.1499804	0.000110	0.103702	-0.000000
557.00	0.1481709	0.001900	0.103699	-0.000000
558.00	0.1468150	0.001952	0.103697	-0.000000
559.00	0.1462796	-0.002218	0.103695	-0.000000
560.00	0.1465374	-0.002563	0.103692	-0.000000
561.00	0.1477867	-0.000028	0.103690	-0.000000
562.00	0.1495913	0.002210	0.103688	-0.000000
563.00	0.1516165	-0.000172	0.103685	-0.000000
564.00	0.1530170	0.000178	0.103683	-0.000000
565.00	0.1530418	-0.001061	0.103681	-0.000000
566.00	0.1513438	-0.000711	0.103678	-0.000000
567.00	0.1481338	-0.002398	0.103676	-0.000000
568.00	0.1439198	-0.003389	0.103674	-0.000000
569.00	0.1394778	-0.001748	0.103671	-0.000000
570.00	0.1351845	-0.001398	0.103669	-0.000000
571.00	0.1317142	-0.001147	0.103667	-0.000000
572.00	0.1289106	-0.000747	0.103665	-0.000000
573.00	0.1267789	0.000149	0.103662	-0.000000
574.00	0.1256882	0.001145	0.103660	-0.000000
575.00	0.1255271	-0.001783	0.103658	-0.000000
576.00	0.1262211	0.000355	0.103655	-0.000000
577.00	0.1281645	0.002990	0.103653	-0.000000
578.00	0.1308416	-0.001131	0.103651	-0.000000
579.00	0.1340145	0.000958	0.103648	-0.000000
580.00	0.1372766	0.000861	0.103646	-0.000000
581.00	0.1402636	-0.001124	0.103644	-0.000000
582.00	0.1425317	-0.000029	0.103641	-0.000000
583.00	0.1438455	0.000421	0.103639	-0.000000
584.00	0.1439694	0.001168	0.103637	-0.000000
585.00	0.1428168	0.000624	0.103634	-0.000000
586.00	0.1405983	-0.000317	0.103632	-0.000000
587.00	0.1372866	-0.002997	0.103630	-0.000000
588.00	0.1331222	0.002121	0.103628	-0.000000
589.00	0.1282910	0.001229	0.103625	-0.000000
590.00	0.1231351	-0.000010	0.103623	-0.000000
591.00	0.1177933	0.002078	0.103621	-0.000000
592.00	0.1128852	0.000442	0.103618	-0.000000
593.00	0.1081879	0.000990	0.103616	-0.000000
594.00	0.1044821	-0.000895	0.103614	-0.000000
595.00	0.1015720	-0.000396	0.103611	-0.000000
596.00	0.0995691	0.000351	0.103609	-0.000000
597.00	0.0983594	0.000900	0.103607	-0.000000
598.00	0.0979926	0.000257	0.103604	-0.000000
599.00	0.0980372	-0.000039	0.103602	-0.000000
600.00	0.0984214	0.000559	0.103600	-0.000000
601.00	0.0991155	-0.000432	0.103597	-0.000000
602.00	0.0998220	0.000365	0.103595	-0.000000
603.00	0.1005706	0.004093	0.103593	-0.000000
604.00	0.1009994	-0.000375	0.103591	-0.000000
605.00	0.1009275	0.000074	0.103588	-0.000000
606.00	0.1001740	0.000474	0.103586	-0.000000
607.00	0.0985677	0.001370	0.103584	-0.000000
608.00	0.0959922	0.001571	0.103581	-0.000000
609.00	0.0924475	0.001027	0.103579	-0.000000
610.00	0.0875395	-0.000163	0.103577	-0.000000
611.00	0.0824827	0.000734	0.103574	-0.000000
612.00	0.0767939	0.000388	0.103572	-0.000000
613.00	0.0711819	0.002129	0.103570	-0.000000
614.00	0.0659863	-0.000004	0.103567	-0.000000
615.00	0.0613261	0.003078	0.103565	-0.000000
616.00	0.0570892	0.035167	0.103562	-0.000000
617.00	0.0536657	0.002487	0.103560	-0.000000
618.00	0.0506383	0.001396	0.103558	-0.000000
619.00	0.0485578	0.001547	0.103555	-0.000000
620.00	0.0470907	-0.001480	0.103553	-0.000000
621.00	0.0463023	0.001800	0.103551	-0.000000
622.00	0.0461449	0.000710	0.103548	-0.000001
623.00	0.0464827	0.002798	0.103546	-0.000001
624.00	0.0472243	0.003794	0.103544	-0.000001
625.00	0.0481741	0.002008	0.103542	-0.000001
626.00	0.0489353	0.001266	0.103539	-0.000001
627.00	0.0491982	0.000771	0.103537	-0.000001
628.00	0.0485329	0.002264	0.103535	-0.000001
629.00	0.0468386	0.003508	0.103532	-0.000001
630.00	0.0441835	0.000381	0.103530	-0.000001
631.00	0.0407600	0.001128	0.103528	-0.000001
632.00	0.0371770	0.000832	0.103525	-0.000001
633.00	0.0334298	0.002325	0.103523	-0.000001
634.00	0.0302529	0.001135	0.103521	-0.000001
635.00	0.0274884	0.002230	0.103518	-0.000001
636.00	0.0253444	0.000643	0.103516	-0.000001
637.00	0.0237933	-0.001391	0.103514	-0.000001
638.00	0.0226796	-0.000147	0.103511	-0.000001
639.00	0.0220148	-0.002330	0.103509	-0.000001
640.00	0.0217088	0.000851	0.103507	-0.000001
641.00	0.0217347	0.000704	0.103505	-0.000001
642.00	0.0220106	0.001402	0.103502	-0.000001
643.00	0.0224317	0.001653	0.103500	-0.000001
644.00	0.0228129	0.000960	0.103498	-0.000001
645.00	0.0229761	0.000813	0.103495	-0.000001
646.00	0.0227494	0.002107	0.103493	-0.000001
647.00	0.0219595	0.002059	0.103491	-0.000001
648.00	0.0207052	0.000919	0.103488	-0.000001
649.00	0.0190358	0.002163	0.103486	-0.000001
650.00	0.0172129	0.003010	0.103484	-0.000001
651.00	0.0155176	0.000380	0.103481	-0.000001
652.00	0.0139215	0.000630	0.103479	-0.000001
653.00	0.0125760	0.000136	0.103477	-0.000001
654.00	0.0113775	0.002026	0.103474	-0.000001
655.00	0.0104631	0.004363	0.103472	-0.000001
656.00	0.0096732	0.001633	0.103470	-0.000001
657.00	0.0090266	0.001933	0.103468	-0.000001
658.00	0.0084902	0.001638	0.103465	-0.000001
659.00	0.0079669	0.002633	0.103463	-0.000001
660.00	0.0074646	0.001146	0.103461	-0.000001
661.00	0.0069573	0.001098	0.103458	-0.000001
662.00	0.0064553	0.001995	0.103456	-0.000001
663.00	0.0059599	0.072033	0.103453	-0.000001
664.00	0.0055195	-0.000881	0.103450	-0.000001
665.00	0.0051255	0.002897	0.103448	-0.000001
666.00	0.0048195	0.001111	0.103446	-0.000001
667.00	0.0045860	0.001908	0.103443	-0.000001
668.00	0.0044699	0.000718	0.103441	-0.000001
669.00	0.0044522	0.000671	0.103439	-0.000001
670.00	0.0045079	0.001269	0.103437	-0.000001
671.00	0.0045500	0.002165	0.103434	-0.000001
672.00	0.0044096	-0.000862	0.103432	-0.000001
673.00	0.0038664	0.000978	0.103430	-0.000001
674.00	0.0029951	0.000980	0.103427	-0.000001
675.00	0.0020410	0.004509	0.103425	-0.000001
676.00	0.0013142	0.002326	0.103423	-0.000001
677.00	0.0008274	0.002279	0.103420	-0.000001
678.00	0.0005293	-0.001146	0.103418	-0.000001
679.00	0.0003381	0.002581	0.103416	-0.000001
680.00	0.0002256	0.002882	0.103413	-0.000001
681.00	0.0001513	0.000599	0.103411	-0.000001
682.00	0.0001059	0.001595	0.103409	-0.000001
683.00	0.0000759	-0.000837	0.103406	-0.000001
684.00	0.0000561	-0.000586	0.103404	-0.000001
685.00	0.0000416	0.002446	0.103402	-0.000001
686.00	0.0000317	0.003690	0.103400	-0.000001
687.00	0.0000241	0.002302	0.103397	-0.000001
688.00	0.0000187	0.003397	0.103395	-0.000001
689.00	0.0000147	0.004939	0.103393	-0.000001
690.00	0.0000127	0.003054	0.103390	-0.000001
691.00	0.0000102	0.002857	0.103388	-0.000001
692.00	0.0000075	0.003009	0.103386	-0.000001
693.00	0.0000063	0.002465	0.103383	-0.000001
694.00	0.0000058	0.003361	0.103381	-0.000001
695.00	0.0000053	-0.000312	0.103379	-0.000001
696.00	0.0000043	-0.000211	0.103376	-0.000001
697.00	0.0000035	-0.001395	0.103369	-0.000001
698.00	0.0000033	0.002726	0.103371	-0.000001
699.00	0.0000028	-0.000306	0.103372	-0.000001
700.00	0.0000022	0.000435	0.103376	-0.000001
701.00	0.0000023	0.002967	0.103378	-0.000001
702.00	0.0000023	0.000680	0.103380	-0.000001
703.00	0.0000018	0.001026	0.103381	-0.000001
704.00	0.0000013	0.001422	0.103383	-0.000001
705.00	0.0000012	0.001470	0.103384	-0.000001
706.00	0.0000014	0.002611	0.103386	-0.000001
707.00	0.0000010	0.001070	0.103388	-0.000001
708.00	0.0000013	0.001416	0.103389	-0.000001
709.00	0.0000009	0.001364	0.103391	-0.000001
710.00	0.0000007	0.000071	0.103392	-0.000001
711.00	0.0000010	-0.001520	0.103394	-0.000001
712.00	0.0000014	0.001210	0.103396	-0.000001
713.00	0.0000013	0.001855	0.103397	-0.000001
714.00	0.0000008	-0.000482	0.103399	-0.000001
715.00	0.0000004	0.001156	0.103401	-0.000001
716.00	0.0000009	0.001949	0.103402	-0.000001
717.00	0.0000011	-0.002622	0.103404	-0.000001
718.00	0.0000011	0.000555	0.103405	-0.000001
719.00	0.0000009	0.000703	0.103407	-0.000001
720.00	0.0000004	0.000304	0.103409	-0.000001
721.00	0.0000006	0.000600	0.103410	-0.000001
722.00	0.0000010	-0.000345	0.103412	-0.000001
723.00	0.0000012	-0.001440	0.103413	-0.000001
724.00	0.0000009	0.002085	0.103415	-0.000001
725.00	0.0000005	0.001289	0.103417	-0.000001
726.00	0.0000005	0.000592	0.103418	-0.000001
727.00	0.0000009	0.002974	0.103420	-0.000001
728.00	0.0000014	0.002178	0.103421	-0.000001
729.00	0.0000012	-0.000406	0.103423	-0.000001
730.00	0.0000009	0.000238	0.103425	-0.000001
731.00	0.0000005	-0.000559	0.103426	-0.000001
732.00	0.0000010	-0.000163	0.103428	-0.000001
733.00	0.0000014	-0.000661	0.103429	-0.000001
734.00	0.0000014	0.001026	0.103431	-0.000001
735.00	0.0000010	0.000627	0.103433	-0.000001
736.00	0.0000009	-0.001659	0.103434	-0.000001
737.00	0.0000009	0.001021	0.103436	-0.000001
738.00	0.0000014	0.001020	0.103438	-0.000001
739.00	0.0000014	0.002359	0.103439	-0.000001
740.00	0.0000011	0.001165	0.103441	-0.000001
741.00	0.0000005	0.001015	0.103442	-0.000001
742.00	0.0000005	-0.001768	0.103444	-0.000001
743.00	0.0000009	0.000117	0.103446	-0.000001
744.00	0.0000010	-0.000580	0.103447	-0.000001
745.00	0.0000008	0.002101	0.103449	-0.000001
746.00	0.0000002	0.000311	0.103450	-0.000001
747.00	-0.0000000	-0.000584	0.103452	-0.000001
748.00	0.0000005	0.001053	0.103454	-0.000001
749.00	0.0000007	0.002889	0.103455	-0.000001
750.00	0.0000005	0.002292	0.103457	-0.000001
751.00	0.0000002	0.000651	0.103458	-0.000001
752.00	-0.0000000	0.001096	0.103460	-0.000001
753.00	0.0000001	0.002337	0.103462	-0.000001
754.00	0.0000005	0.001143	0.103463	-0.000001
755.00	0.0000005	0.000396	0.103465	-0.000001
756.00	0.0000005	-0.001046	0.103467	-0.000001
757.00	0.0000000	0.001088	0.103468	-0.000001
758.00	0.0000001	-0.000254	0.103470	-0.000001
759.00	0.0000005	-0.000206	0.103471	-0.000001
760.00	0.0000010	0.000785	0.103473	-0.000001
761.00	0.0000008	0.002075	0.103475	-0.000001
762.00	0.0000005	0.002372	0.103476	-0.000001
763.00	0.0000005	0.000681	0.103478	-0.000001
764.00	0.0000005	-0.001655	0.103479	-0.000001
765.00	0.0000010	-0.000762	0.103481	-0.000001
766.00	0.0000010	0.002465	0.103483	-0.000001
767.00	0.0000010	0.003307	0.103484	-0.000001
768.00	0.0000005	0.004995	0.103486	-0.000001
769.00	0.0000006	0.002559	0.103488	-0.000001
770.00	0.0000010	-0.000721	0.103489	-0.000001
771.00	0.0000015	0.000072	0.103491	-0.000001
772.00	0.0000013	-0.000774	0.103492	-0.000001
773.00	0.0000011	0.000864	0.103494	-0.000001
774.00	0.0000011	0.000763	0.103496	-0.000001
775.00	0.0000021	0.001556	0.103497	-0.000001
776.00	0.0000031	-0.002320	0.103499	-0.000001
777.00	0.0000033	-0.001129	0.103500	-0.000001
778.00	0.0000035	-0.001677	0.103502	-0.000001
779.00	0.0000031	-0.002970	0.103504	-0.000001
780.00	0.0000025	0.000108	0.103505	-0.000001
781.00	0.0000021	0.002341	0.103507	-0.000001
782.00	0.0000012	0.001694	0.103508	-0.000001
783.00	0.0000012	-0.001735	0.103510	-0.000001
784.00	0.0000006	0.005167	0.103512	-0.000001
785.00	0.0000006	0.003328	0.103513	-0.000001
786.00	0.0000009	0.001290	0.103515	-0.000001
787.00	0.0000011	0.003573	0.103516	-0.000001
788.00	0.0000010	0.003125	0.103518	-0.000001
789.00	0.0000006	0.001037	0.103520	-0.000001
790.00	0.0000006	0.002476	0.103521	-0.000001
791.00	0.0000009	0.004113	0.103523	-0.000001
792.00	0.0000011	0.001727	0.103525	-0.000001
793.00	0.0000011	0.000782	0.103526	-0.000001
794.00	0.0000011	0.005449	0.103528	-0.000001
795.00	0.0000003	0.002170	0.103529	-0.000001
796.00	0.0000011	-0.001508	0.103531	-0.000001
797.00	0.0000016	0.001769	0.103533	-0.000001
798.00	0.0000016	0.001569	0.103534	-0.000001
799.00	0.0000016	0.000226	0.103536	-0.000001
800.00	0.0000011	0.000224	0.103537	-0.000001
801.00	0.0000011	-0.001416	0.103539	-0.000001
802.00	0.0000015	0.002605	0.103541	-0.000001
803.00	0.0000017	0.002405	0.103542	-0.000001
804.00	0.0000014	0.003049	0.103544	-0.000001
805.00	0.0000008	-0.000231	0.103545	-0.000001
806.00	0.0000007	0.001953	0.103547	-0.000001
807.00	0.0000011	0.000263	0.103549	-0.000001
808.00	0.0000012	0.000261	0.103550	-0.000001
809.00	0.0000012	0.000657	0.103552	-0.000001
810.00	0.0000008	-0.001729	0.103554	-0.000001
811.00	0.0000007	0.001200	0.103555	-0.000001
812.00	0.0000008	0.001943	0.103557	-0.000001
813.00	0.0000012	0.001495	0.103558	-0.000001
814.00	0.0000012	-0.000494	0.103560	-0.000001
815.00	0.0000008	0.003429	0.103562	-0.000001
816.00	0.0000007	0.002235	0.103563	-0.000001
817.00	0.0000003	0.001190	0.103565	-0.000001
818.00	0.0000015	0.001983	0.103566	-0.000001
819.00	0.0000016	0.001187	0.103568	-0.000001
820.00	0.0000012	-0.000404	0.103570	-0.000001
821.00	0.0000007	0.000339	0.103571	-0.000001
822.00	0.0000006	-0.002841	0.103573	-0.000001
823.00	0.0000012	0.001081	0.103574	-0.000001
824.00	0.0000012	0.001179	0.103576	-0.000001
825.00	0.0000007	0.000333	0.103578	-0.000001
826.00	0.0000002	-0.002301	0.103579	-0.000001
827.00	0.0000002	-0.002104	0.103581	-0.000001
828.00	0.0000007	-0.002851	0.103583	-0.000001
829.00	0.0000007	-0.002405	0.103584	-0.000001
830.00	0.0000004	-0.000569	0.103586	-0.000001
831.00	0.0000002	-0.001812	0.103587	-0.000001
832.00	-0.0000002	-0.000473	0.103589	-0.000001
833.00	0.0000005	0.001661	0.103591	-0.000001
834.00	0.0000008	-0.000526	0.103592	-0.000001
835.00	0.0000007	-0.001074	0.103594	-0.000001
836.00	0.0000003	-0.001721	0.103595	-0.000001
837.00	0.0000000	0.002152	0.103597	-0.000001
838.00	0.0000003	0.001405	0.103599	-0.000001
839.00	0.0000008	-0.002570	0.103600	-0.000001
840.00	0.0000008	-0.000188	0.103602	-0.000001
841.00	0.0000003	-0.001382	0.103603	-0.000001
842.00	-0.0000005	0.000008	0.103605	-0.000001
843.00	0.0000003	0.000602	0.103607	-0.000001
844.00	0.0000008	0.001594	0.103608	-0.000001
845.00	0.0000008	-0.001040	0.103610	-0.000001
846.00	0.0000003	0.000796	0.103612	-0.000001
847.00	-0.0000001	0.000248	0.103613	-0.000001
848.00	0.0000002	0.000942	0.103615	-0.000001
849.00	0.0000006	0.000394	0.103616	-0.000001
850.00	0.0000008	-0.000403	0.103618	-0.000001
851.00	0.0000002	-0.001596	0.103620	-0.000001
852.00	0.0000003	-0.000455	0.103621	-0.000001
853.00	-0.0000002	-0.002196	0.103623	-0.000001
854.00	0.0000003	0.002820	0.103624	-0.000001
855.00	0.0000014	0.001328	0.103626	-0.000001
856.00	0.0000008	0.001873	0.103628	-0.000001
857.00	0.0000003	0.003758	0.103629	-0.000001
858.00	-0.0000000	0.002763	0.103631	-0.000001
859.00	0.0000002	0.001917	0.103633	-0.000001
860.00	0.0000006	0.001965	0.103634	-0.000001
861.00	0.0000008	0.001517	0.103636	-0.000001
862.00	0.0000006	0.001018	0.103637	-0.000001
863.00	-0.0000001	-0.001914	0.103639	-0.000001
864.00	0.0000001	0.000022	0.103641	-0.000001
865.00	0.0000004	-0.000824	0.103642	-0.000001
866.00	0.0000009	0.001757	0.103644	-0.000001
867.00	0.0000009	0.001408	0.103645	-0.000001
868.00	0.0000004	-0.001822	0.103647	-0.000001
869.00	-0.0000005	0.001653	0.103649	-0.000001
870.00	0.0000003	-0.002720	0.103650	-0.000001
871.00	0.0000006	-0.000337	0.103652	-0.000001
872.00	0.0000009	-0.000686	0.103653	-0.000001
873.00	0.0000007	0.002739	0.103655	-0.000001
874.00	0.0000004	0.000950	0.103657	-0.000001
875.00	-0.0000001	-0.000294	0.103658	-0.000001
876.00	0.0000004	-0.001537	0.103660	-0.000001
877.00	0.0000009	0.001094	0.103661	-0.000001
878.00	0.0000009	0.002284	0.103663	-0.000001
879.00	0.0000004	0.001190	0.103665	-0.000001
880.00	0.0000002	0.000841	0.103666	-0.000001
881.00	0.0000002	-0.001198	0.103668	-0.000001
882.00	0.0000006	-0.000106	0.103670	-0.000001
883.00	0.0000009	-0.001747	0.103671	-0.000001
884.00	0.0000008	-0.001302	0.103673	-0.000001
885.00	0.0000004	0.001329	0.103674	-0.000001
886.00	-0.0000001	0.001775	0.103676	-0.000001
887.00	0.0000002	0.003164	0.103678	-0.000001
888.00	0.0000007	-0.001259	0.103679	-0.000001
889.00	0.0000009	0.001273	0.103681	-0.000001
890.00	0.0000006	0.001917	0.103682	-0.000001
891.00	0.0000003	0.001618	0.103684	-0.000001
892.00	-0.0000001	-0.000073	0.103686	-0.000001
893.00	0.0000004	0.001714	0.103687	-0.000001
894.00	0.0000010	0.002258	0.103689	-0.000001
895.00	0.0000010	0.000618	0.103690	-0.000001
896.00	0.0000005	0.004192	0.103692	-0.000001
897.00	0.0000001	0.000863	0.103694	-0.000001
898.00	0.0000003	0.001606	0.103695	-0.000001
899.00	0.0000006	0.002747	0.103697	-0.000001
900.00	0.0000010	-0.000284	0.103699	-0.000001
901.00	0.0000007	-0.000733	0.103700	-0.000001
902.00	0.0000004	0.001798	0.103702	-0.000001
903.00	0.0000001	0.002145	0.103703	-0.000001
904.00	0.0000009	0.000402	0.103707	-0.000001
905.00	0.0000005	-0.000341	0.103706	-0.000001
906.00	-0.0000003	0.000604	0.103704	-0.000001
907.00	0.0000005	0.002295	0.103702	-0.000001
908.00	0.0000010	-0.001777	0.103701	-0.000001
909.00	0.0000010	0.001354	0.103699	-0.000001
910.00	0.0000005	-0.000333	0.103698	-0.000001
911.00	0.0000002	-0.001722	0.103696	-0.000001
912.00	0.0000003	0.001061	0.103694	-0.000001
913.00	0.0000007	-0.002315	0.103693	-0.000001
914.00	0.0000009	-0.000128	0.103691	-0.000001
915.00	0.0000006	-0.000077	0.103690	-0.000001
916.00	0.0000002	0.000173	0.103688	-0.000001
917.00	0.0000000	-0.002656	0.103686	-0.000001
918.00	0.0000004	-0.003748	0.103685	-0.000001
919.00	0.0000009	0.002314	0.103683	-0.000001
920.00	0.0000008	-0.001807	0.103681	-0.000001
921.00	0.0000004	-0.000067	0.103680	-0.000001
922.00	-0.0000001	0.000928	0.103678	-0.000001
923.00	0.0000004	-0.001405	0.103677	-0.000001
924.00	0.0000009	-0.002099	0.103675	-0.000001
925.00	0.0000009	0.000287	0.103673	-0.000001
926.00	0.0000005	0.000239	0.103672	-0.000001
927.00	-0.0000001	-0.000504	0.103670	-0.000001
928.00	0.0000004	-0.001347	0.103669	-0.000001
929.00	0.0000008	-0.004624	0.103667	-0.000001
930.00	0.0000009	-0.000748	0.103665	-0.000001
931.00	0.0000004	-0.000349	0.103664	-0.000001
932.00	0.0000001	-0.000596	0.103662	-0.000001
933.00	0.0000002	-0.002531	0.103660	-0.000001
934.00	0.0000007	-0.002877	0.103659	-0.000001
935.00	0.0000009	-0.001435	0.103657	-0.000001
936.00	0.0000006	-0.000639	0.103656	-0.000001
937.00	-0.0000004	-0.000339	0.103654	-0.000001
938.00	0.0000002	-0.001480	0.103652	-0.000001
939.00	0.0000006	-0.000684	0.103651	-0.000001
940.00	0.0000008	-0.000334	0.103649	-0.000001
941.00	0.0000005	-0.001724	0.103648	-0.000001
942.00	0.0000000	-0.001076	0.103646	-0.000001
943.00	0.0000000	-0.000032	0.103644	-0.000001
944.00	0.0000006	-0.001272	0.103643	-0.000001
945.00	0.0000008	-0.000724	0.103641	-0.000001
946.00	0.0000004	0.000271	0.103639	-0.000001
947.00	-0.0000001	-0.000174	0.103638	-0.000001
948.00	0.0000003	-0.001315	0.103636	-0.000001
949.00	0.0000008	-0.000916	0.103635	-0.000001
950.00	0.0000008	-0.000616	0.103633	-0.000001
951.00	0.0000004	-0.000217	0.103631	-0.000001
952.00	0.0000003	-0.003047	0.103630	-0.000001
953.00	0.0000005	-0.000115	0.103628	-0.000001
954.00	0.0000009	-0.000362	0.103627	-0.000001
955.00	0.0000008	-0.000360	0.103625	-0.000001
956.00	0.0000003	0.002771	0.103623	-0.000001
957.00	0.0000003	0.000686	0.103622	-0.000001
958.00	0.0000004	0.001632	0.103620	-0.000001
959.00	0.0000008	0.002229	0.103618	-0.000001
960.00	0.0000007	0.002827	0.103617	-0.000001
961.00	0.0000001	0.000693	0.103615	-0.000001
962.00	-0.0000004	0.000844	0.103614	-0.000001
963.00	0.0000006	-0.000297	0.103612	-0.000001
964.00	0.0000007	0.000747	0.103610	-0.000001
965.00	0.0000002	0.000550	0.103609	-0.000001
966.00	0.0000001	-0.001286	0.103607	-0.000001
967.00	0.0000002	0.002391	0.103606	-0.000001
968.00	0.0000007	-0.001283	0.103604	-0.000001
969.00	0.0000006	-0.001331	0.103602	-0.000001
970.00	0.0000002	0.001900	0.103601	-0.000001
971.00	-0.0000001	-0.001079	0.103599	-0.000001
972.00	0.0000003	0.000512	0.103597	-0.000001
973.00	0.0000007	-0.000082	0.103596	-0.000001
974.00	0.0000004	0.001260	0.103594	-0.000001
975.00	0.0000001	0.000467	0.103593	-0.000001
976.00	0.0000002	0.000469	0.103591	-0.000001
977.00	0.0000006	-0.000374	0.103589	-0.000001
978.00	0.0000007	-0.003104	0.103588	-0.000001
979.00	-0.0000001	-0.000420	0.103586	-0.000001
980.00	0.0000001	-0.000270	0.103585	-0.000001
981.00	0.0000003	-0.002702	0.103583	-0.000001
982.00	0.0000007	-0.000366	0.103581	-0.000001
983.00	0.0000007	0.003113	0.103580	-0.000001
984.00	0.0000007	-0.000611	0.103578	-0.000001
985.00	0.0000006	0.001725	0.103577	-0.000001
986.00	0.0000008	-0.000409	0.103575	-0.000001
987.00	0.0000006	0.002374	0.103573	-0.000001
988.00	0.0000003	0.002425	0.103572	-0.000001
989.00	0.0000000	0.002179	0.103570	-0.000001
990.00	0.0000001	0.001286	0.103568	-0.000001
991.00	0.0000006	0.001536	0.103567	-0.000001
992.00	0.0000006	-0.000300	0.103565	-0.000001
993.00	0.0000001	0.000745	0.103564	-0.000001
994.00	-0.0000008	-0.000098	0.103562	-0.000001
995.00	0.0000001	-0.000842	0.103560	-0.000001
996.00	0.0000006	0.000998	0.103559	-0.000001
997.00	0.0000005	0.002191	0.103557	-0.000001
998.00	0.0000001	-0.001135	0.103556	-0.000001
999.00	-0.0000000	0.001946	0.103554	-0.000001
1000.00	0.0000002	0.001749	0.103552	-0.000001
1001.00	0.0000006	0.003291	0.103551	-0.000001
1002.00	-0.0000002	-0.000483	0.103549	-0.000001
1003.00	-0.0000001	0.002251	0.103547	-0.000001
1004.00	0.0000001	0.000464	0.103546	-0.000001
1005.00	0.0000005	0.003943	0.103544	-0.000001
1006.00	0.0000006	-0.000278	0.103543	-0.000001
1007.00	0.0000002	0.000171	0.103541	-0.000001
1008.00	-0.0000001	0.000024	0.103539	-0.000001
1009.00	0.0000000	0.000522	0.103538	-0.000001
1010.00	0.0000005	0.002411	0.103536	-0.000001
1011.00	0.0000005	0.001469	0.103535	-0.000001
1012.00	0.0000000	0.000428	0.103533	-0.000001
1013.00	-0.0000003	0.001770	0.103531	-0.000001
1014.00	0.0000003	0.001971	0.103530	-0.000001
1015.00	0.0000005	0.001525	0.103528	-0.000001
1016.00	0.0000003	0.003116	0.103526	-0.000001
1017.00	-0.0000001	0.003217	0.103525	-0.000001
1018.00	-0.0000001	0.000437	0.103523	-0.000001
1019.00	0.0000004	0.003816	0.103522	-0.000001
1020.00	0.0000005	0.001881	0.103520	-0.000001
1021.00	0.0000001	0.004416	0.103518	-0.000001
1022.00	-0.0000001	0.003374	0.103517	-0.000001
1023.00	-0.0000000	0.001935	0.103515	-0.000001
1024.00	0.0000005	0.002632	0.103514	-0.000001
1025.00	0.0000005	0.000051	0.103512	-0.000001
1026.00	-0.0000000	0.000649	0.103510	-0.000001
1027.00	-0.0000004	0.003780	0.103509	-0.000001
1028.00	-0.0000000	0.002341	0.103507	-0.000001
1029.00	0.0000005	0.001200	0.103505	-0.000001
1030.00	0.0000005	0.000904	0.103504	-0.000001
1031.00	-0.0000000	0.000955	0.103502	-0.000001
1032.00	-0.0000003	0.002596	0.103501	-0.000001
1033.00	0.0000000	0.003541	0.103499	-0.000001
1034.00	0.0000004	-0.000878	0.103497	-0.000001
1035.00	0.0000003	0.000912	0.103496	-0.000001
1036.00	-0.0000001	0.001559	0.103494	-0.000001
1037.00	-0.0000006	0.003547	0.103493	-0.000001
1038.00	-0.0000004	0.001115	0.103491	-0.000001
1039.00	0.0000004	0.000620	0.103489	-0.000001
1040.00	0.0000004	0.001764	0.103488	-0.000001
1041.00	-0.0000001	0.000325	0.103486	-0.000001
1042.00	-0.0000001	0.003854	0.103485	-0.000001
1043.00	0.0000002	0.003656	0.103483	-0.000001
1044.00	0.0000004	0.002218	0.103481	-0.000001
1045.00	0.0000003	0.002964	0.103480	-0.000001
1046.00	-0.0000001	0.001525	0.103478	-0.000001
1047.00	-0.0000001	0.003266	0.103476	-0.000001
1048.00	0.0000001	0.003367	0.103475	-0.000001
1049.00	0.0000004	0.005057	0.103473	-0.000001
1050.00	0.0000004	0.002823	0.103472	-0.000001
1051.00	-0.0000001	0.003620	0.103470	-0.000001
1052.00	-0.0000002	0.002429	0.103468	-0.000001
1053.00	0.0000001	0.002828	0.103467	-0.000001
1054.00	0.0000004	0.003774	0.103465	-0.000001
1055.00	0.0000002	0.000795	0.103464	-0.000001
1056.00	-0.0000001	0.003528	0.103462	-0.000001
1057.00	-0.0000004	0.002040	0.103460	-0.000001
1058.00	-0.0000000	0.004376	0.103459	-0.000001
1059.00	0.0000003	0.000056	0.103457	-0.000001
1060.00	0.0000003	0.001449	0.103455	-0.000001
1061.00	-0.0000002	0.001897	0.103454	-0.000001
1062.00	-0.0000008	0.001502	0.103452	-0.000001
1063.00	0.0000000	0.003093	0.103451	-0.000001
1064.00	0.0000003	0.004286	0.103449	-0.000001
1065.00	0.0000003	0.000662	0.103447	-0.000001
1066.00	-0.0000002	0.002054	0.103446	-0.000001
1067.00	-0.0000003	0.003993	0.103444	-0.000001
1068.00	-0.0000002	0.003150	0.103443	-0.000001
1069.00	0.0000003	0.001116	0.103441	-0.000001
1070.00	0.0000001	-0.000671	0.103439	-0.000001
1071.00	-0.0000002	0.001019	0.103438	-0.000001
1072.00	-0.0000004	0.000177	0.103436	-0.000001
1073.00	-0.0000002	-0.001312	0.103434	-0.000001
1074.00	0.0000003	-0.002602	0.103433	-0.000001
1075.00	0.0000003	0.000629	0.103431	-0.000001
1076.00	-0.0000002	0.001475	0.103430	-0.000001
1077.00	-0.0000007	-0.000362	0.103428	-0.000001
1078.00	-0.0000002	0.002173	0.103426	-0.000001
1079.00	0.0000003	0.001926	0.103425	-0.000001
1080.00	0.0000003	0.003766	0.103423	-0.000001
1081.00	-0.0000001	0.003917	0.103422	-0.000001
1082.00	-0.0000003	0.000739	0.103420	-0.000001
1083.00	-0.0000003	0.003820	0.103418	-0.000001
1084.00	0.0000001	0.001388	0.103417	-0.000001
1085.00	0.0000002	0.001837	0.103415	-0.000001
1086.00	0.0000002	0.004819	0.103413	-0.000001
1087.00	-0.0000003	0.001244	0.103412	-0.000001
1088.00	-0.0000003	0.001693	0.103410	-0.000001
1089.00	0.0000001	0.002141	0.103409	-0.000001
1090.00	0.0000003	0.002640	0.103407	-0.000001
1091.00	0.0000007	0.005125	0.103405	-0.000001
1092.00	0.0000003	0.002146	0.103404	-0.000001
1093.00	0.0000002	0.000608	0.103402	-0.000001
1094.00	0.0000002	0.002745	0.103401	-0.000001
1095.00	0.0000007	0.001903	0.103399	-0.000001
1096.00	0.0000007	0.001258	0.103397	-0.000001
1097.00	0.0000002	0.004687	0.103396	-0.000001
1098.00	-0.0000003	0.002652	0.103394	-0.000001
1099.00	-0.0000003	0.002008	0.103392	-0.000001
1100.00	0.0000002	0.001364	0.103391	-0.000001
1101.00	0.0000002	0.001416	0.103389	-0.000001
1102.00	-0.0000004	0.000435	0.103376	-0.000001
1103.00	0.0000000	0.001231	0.103375	-0.000001
1104.00	0.0000005	0.004015	0.103373	-0.000001
1105.00	-0.0000004	0.003539	0.103402	-0.000001
1106.00	-0.0000003	0.003477	0.103414	-0.000001
1107.00	0.0000002	0.001229	0.103427	-0.000001
1108.00	0.0000005	0.003203	0.103439	-0.000001
1109.00	0.0000001	0.000658	0.103452	-0.000001
1110.00	-0.0000002	0.000943	0.103464	-0.000001
1111.00	-0.0000004	0.003265	0.103477	-0.000001
1112.00	-0.0000004	0.000322	0.103489	-0.000001
1113.00	0.0000002	0.003488	0.103502	-0.000001
1114.00	0.0000002	0.000248	0.103514	-0.000001
1115.00	-0.0000000	0.000633	0.103527	-0.000001
1116.00	-0.0000004	0.000471	0.103539	-0.000001
1117.00	-0.0000001	0.001154	0.103552	-0.000001
1118.00	0.0000005	0.000049	0.103564	-0.000001
1119.00	0.0000006	0.001526	0.103577	-0.000001
1120.00	0.0000001	-0.000026	0.103589	-0.000001
1121.00	-0.0000007	-0.000337	0.103602	-0.000001
1122.00	0.0000001	0.001240	0.103614	-0.000001
1123.00	0.0000006	0.002221	0.103627	-0.000001
1124.00	0.0000007	0.000073	0.103639	-0.000001
1125.00	0.0000008	0.001799	0.103652	-0.000001
1126.00	0.0000006	0.000694	0.103664	-0.000001
1127.00	0.0000009	0.000731	0.103677	-0.000001
1128.00	0.0000016	-0.000573	0.103689	-0.000001
1129.00	0.0000020	0.000309	0.103702	-0.000001
1130.00	0.0000018	0.001289	0.103714	-0.000001
1131.00	0.0000013	0.000929	0.103727	-0.000001
1132.00	0.0000011	0.000619	0.103739	-0.000001
1133.00	0.0000013	0.002295	0.103752	-0.000001
1134.00	0.0000011	0.000246	0.103764	-0.000001
1135.00	0.0000010	0.000581	0.103777	-0.000001
1136.00	0.0000003	0.000867	0.103789	-0.000001
1137.00	0.0000001	0.002543	0.103802	-0.000001
1138.00	0.0000003	0.000246	0.103814	-0.000001
1139.00	0.0000006	0.001972	0.103827	-0.000001
1140.00	0.0000004	0.002009	0.103839	-0.000001
1141.00	-0.0000001	0.002245	0.103852	-0.000001
1142.00	-0.0000004	0.001984	0.103864	-0.000001
1143.00	0.0000001	0.000581	0.103877	-0.000001
1144.00	0.0000001	-0.000227	0.103889	-0.000001
1145.00	0.0000001	-0.001878	0.103902	-0.000001
1146.00	-0.0000002	-0.001444	0.103914	-0.000001
1147.00	-0.0000004	0.003163	0.103927	-0.000001
1148.00	-0.0000001	0.002257	0.103939	-0.000001
1149.00	0.0000001	0.000605	0.103952	-0.000001
1150.00	0.0000001	0.001834	0.103964	-0.000001
1151.00	-0.0000003	0.002418	0.103976	-0.000001
1152.00	-0.0000004	0.001909	0.103989	-0.000001
1153.00	-0.0000002	0.001548	0.104001	-0.000001
1154.00	0.0000000	-0.000103	0.104014	-0.000001
1155.00	0.0000000	0.002567	0.104026	-0.000001
1156.00	-0.0000007	-0.000277	0.104039	-0.000001
1157.00	-0.0000005	0.002144	0.104051	-0.000001
1158.00	-0.0000005	-0.000253	0.104064	-0.000001
1159.00	0.0000000	-0.000265	0.104076	-0.000001
1160.00	0.0000000	0.001014	0.104089	-0.000001
1161.00	-0.0000001	-0.000290	0.104101	-0.000001
1162.00	-0.0000005	0.000790	0.104114	-0.000001
1163.00	-0.0000005	0.000480	0.104126	-0.000001
1164.00	0.0000000	-0.001569	0.104139	-0.000001
1165.00	0.0000000	0.001448	0.104151	-0.000001
1166.00	0.0000000	0.000045	0.104164	-0.000001
1167.00	-0.0000005	-0.000961	0.104176	-0.000001
1168.00	-0.0000005	0.000368	0.104189	-0.000001
1169.00	-0.0000001	-0.002277	0.104201	-0.000001
1170.00	0.0000002	-0.001594	0.104214	-0.000001
1171.00	0.0000000	-0.001458	0.104226	-0.000001
1172.00	-0.0000002	-0.001321	0.104239	-0.000001
1173.00	-0.0000005	-0.000291	0.104251	-0.000001
1174.00	-0.0000007	-0.000105	0.104264	-0.000001
1175.00	0.0000003	0.001423	0.104276	-0.000001
1176.00	0.0000005	-0.000179	0.104289	-0.000001
1177.00	0.0000003	-0.000341	0.104301	-0.000001
1178.00	0.0000000	0.000193	0.104314	-0.000001
1179.00	-0.0000003	0.001273	0.104326	-0.000001
1180.00	0.0000000	0.000118	0.104339	-0.000001
1181.00	0.0000005	-0.001384	0.104351	-0.000001
1182.00	0.0000004	0.000888	0.104364	-0.000001
1183.00	0.0000007	-0.000416	0.104376	-0.000001
1184.00	0.0000005	-0.000627	0.104389	-0.000001
1185.00	0.0000005	-0.002328	0.104401	-0.000001
1186.00	0.0000009	-0.000503	0.104414	-0.000001
1187.00	0.0000010	0.002465	0.104426	-0.000001
1188.00	0.0000010	0.000615	0.104439	-0.000001
1189.00	0.0000005	0.001198	0.104451	-0.000001
1190.00	0.0000000	-0.002589	0.104464	-0.000001
1191.00	0.0000000	-0.000714	0.104476	-0.000001
1192.00	0.0000001	0.003247	0.104489	-0.000001
1193.00	0.0000005	-0.000590	0.104501	-0.000001
1194.00	0.0000001	0.001036	0.104514	-0.000001
1195.00	-0.0000002	0.002663	0.104526	-0.000001
1196.00	-0.0000005	0.000962	0.104539	-0.000001
1197.00	-0.0000004	0.000353	0.104551	-0.000001
1198.00	0.0000000	0.001433	0.104564	-0.000001
1199.00	0.0000000	-0.000119	0.104576	-0.000001
1200.00	0.0000000	-0.000529	0.104589	-0.000001
